"Popolazione per età, vista per singola area - Comune: 087027 - Mineo"

"Ricostruzione della popolazione intercensuaria - Popolazione al 1° gennaio per età"
"Tutte le cittadinanze - Comune: Mineo"
Età/Anno;2002;2003;2004;2005;2006;2007;2008;2009;2010;2011;2012;2013;2014;2015;2016;2017;2018;2019
Età;Totale
0;59;61;43;53;60;50;35;48;51;47;34;41;47;34;45;40;27;36
1;57;60;60;44;52;62;52;35;47;52;47;35;46;44;33;44;41;28
2;63;55;60;60;40;52;58;52;34;46;54;45;36;43;43;29;46;43
3;51;63;56;60;64;41;54;58;54;36;46;54;44;35;44;40;28;45
4;56;49;59;58;57;62;42;53;57;55;33;47;56;44;35;43;38;31
5;42;53;50;59;56;56;63;41;56;59;55;34;47;51;43;37;44;36
6;45;42;54;50;55;57;58;65;43;55;59;54;33;48;50;41;35;43
7;73;46;41;55;50;54;58;61;66;42;58;56;52;32;47;52;41;37
8;67;73;46;41;53;49;54;56;61;67;43;56;51;49;32;47;53;43
9;62;66;73;47;40;54;49;54;58;61;65;43;56;51;48;33;47;54
10;59;61;66;71;45;40;55;50;56;60;61;62;43;55;51;49;33;46
11;66;59;60;64;72;44;39;58;51;54;59;61;61;44;54;51;47;34
12;59;67;57;60;63;70;44;40;58;54;55;59;61;61;40;55;52;48
13;70;57;67;57;61;64;70;45;40;58;54;55;59;60;59;40;55;52
14;59;68;58;64;53;62;65;72;46;39;59;55;56;61;56;58;40;55
15;51;59;68;57;65;53;61;66;75;45;41;63;56;56;62;57;58;39
16;73;51;56;67;57;64;53;62;67;73;47;43;67;57;58;66;57;58
17;65;72;49;55;68;57;65;54;65;70;73;52;46;74;58;58;69;59
18;63;65;70;47;54;67;59;65;55;64;71;76;54;58;87;68;69;98
19;55;63;64;68;46;53;67;63;64;55;64;70;81;59;58;83;72;86
20;70;52;64;63;69;47;55;67;61;67;55;64;71;84;61;57;79;84
21;67;70;53;63;60;68;45;55;66;62;69;56;65;71;86;65;58;97
22;57;63;69;52;66;57;71;46;53;66;59;69;62;64;71;83;70;77
23;62;59;61;66;50;66;59;69;43;52;65;59;69;63;68;76;85;84
24;77;60;57;59;64;51;71;60;70;45;54;67;63;70;62;68;75;93
25;88;75;61;53;58;61;52;71;57;66;47;57;65;64;70;62;72;86
26;82;90;75;64;55;55;61;47;67;57;67;45;55;67;64;70;58;89
27;87;80;90;75;63;54;55;63;46;66;56;66;48;57;62;59;70;67
28;54;88;78;94;73;63;57;52;63;49;63;52;61;45;55;61;54;86
29;84;54;85;74;94;72;60;57;55;65;48;56;48;59;46;51;55;65
30;81;78;55;80;76;97;68;59;55;54;65;44;53;51;59;43;49;71
31;71;78;77;51;79;78;98;72;63;54;56;61;42;54;47;57;40;66
32;84;68;78;76;48;77;77;95;70;60;55;52;61;42;56;48;60;58
33;83;79;63;75;76;46;73;79;88;67;58;53;50;59;40;51;46;71
34;81;78;76;60;75;73;48;74;77;82;63;61;52;50;58;41;48;56
35;89;78;81;74;60;71;69;50;76;78;77;63;59;51;51;61;39;55
36;68;87;81;80;72;59;75;74;52;79;79;74;64;59;50;52;61;58
37;87;67;82;79;76;71;58;74;75;53;80;74;74;63;57;51;53;63
38;78;88;66;78;79;77;73;61;74;77;53;79;71;72;66;55;53;63
39;65;78;85;64;76;82;78;74;62;77;77;51;82;71;68;68;56;58
40;73;64;78;87;63;76;82;79;78;65;77;74;51;80;71;70;68;59
41;71;74;64;79;83;62;74;83;77;76;67;74;71;48;79;69;69;65
42;56;72;73;65;78;82;64;75;84;78;73;65;74;73;47;77;71;80
43;67;56;72;72;65;80;83;63;77;84;77;71;60;73;74;47;78;73
44;67;65;57;71;73;65;81;81;62;74;82;82;71;60;73;73;49;81
45;59;65;64;54;69;73;65;81;82;62;73;81;84;72;59;73;71;49
46;54;57;66;64;54;69;71;68;82;82;63;72;81;83;71;59;73;75
47;78;54;55;65;65;52;69;71;70;81;81;62;71;79;81;69;60;74
48;56;77;54;57;67;65;54;66;70;70;79;82;60;70;81;78;69;60
49;63;53;77;53;56;63;64;57;67;68;70;79;82;59;69;79;77;72
50;68;64;53;77;53;54;64;66;61;67;67;70;81;83;58;67;78;76
51;76;68;62;52;76;52;54;64;66;61;68;69;71;82;82;57;68;76
52;69;77;67;61;53;77;52;53;62;62;62;67;71;67;82;80;56;72
53;75;69;76;67;59;53;77;53;53;63;63;61;71;69;67;83;79;57
54;76;74;69;76;67;63;54;76;52;52;64;65;62;70;68;67;83;79
55;70;75;75;69;75;66;60;53;73;51;50;63;65;57;70;66;67;82
56;63;72;71;76;70;76;68;62;55;73;54;50;61;68;57;69;68;68
57;75;62;76;69;77;70;77;68;60;54;73;52;51;61;68;58;69;71
58;56;74;63;77;69;76;70;76;69;62;55;72;51;54;58;70;59;67
59;50;55;77;61;78;69;76;71;77;69;61;55;73;51;54;58;70;59
60;51;51;56;76;60;76;71;76;73;75;69;62;54;73;52;54;58;70
61;61;50;51;55;76;59;78;71;73;70;74;68;64;56;74;51;56;54
62;71;62;49;52;54;79;59;79;71;73;69;75;69;65;55;75;52;56
63;64;67;62;48;51;53;77;57;79;71;71;69;74;67;63;57;74;48
64;66;64;66;63;48;49;54;78;56;79;70;71;69;73;65;63;57;70
65;70;63;65;65;61;47;48;52;79;55;78;70;71;67;70;66;63;55
66;73;69;63;64;66;60;46;49;52;78;55;76;70;71;65;69;66;62
67;78;74;71;62;63;66;61;44;46;51;78;54;79;71;72;65;70;62
68;78;77;73;69;61;60;65;58;42;45;51;77;51;77;73;71;65;69
69;61;77;77;70;65;58;60;65;61;44;44;51;78;50;75;72;68;63
70;87;62;78;76;69;64;57;57;62;60;42;43;47;77;48;70;73;67
71;84;84;62;77;76;66;63;55;56;62;60;42;42;46;77;45;69;69
72;72;82;81;62;76;75;66;60;54;56;62;60;41;40;47;73;44;65
73;62;68;78;79;58;75;73;64;61;53;53;59;56;40;40;46;74;41
74;74;57;64;73;79;52;75;71;62;58;52;51;55;52;40;41;45;70
75;57;71;57;59;71;75;51;73;72;58;58;49;50;55;52;39;38;40
76;52;56;67;54;57;64;70;50;64;70;57;57;45;51;54;49;38;37
77;48;51;52;58;52;52;62;65;49;64;65;56;54;44;50;53;48;35
78;49;45;46;51;53;50;49;59;62;46;62;60;50;53;45;50;52;48
79;72;44;44;43;49;52;48;47;58;60;44;59;55;49;52;43;45;52
80;52;69;44;41;39;47;51;48;46;53;57;40;55;53;44;48;40;43
81;36;45;63;37;36;38;43;46;46;46;50;57;37;53;49;41;46;42
82;26;33;43;53;36;33;35;40;44;44;43;45;52;36;50;43;38;44
83;9;24;28;43;48;35;33;32;35;44;41;38;46;52;32;46;40;36
84;10;8;21;24;42;45;32;28;28;31;39;39;35;38;45;28;46;38
85;11;7;7;16;22;39;38;32;27;27;29;37;35;30;31;40;25;42
86;12;9;7;6;14;19;33;34;29;24;23;26;31;32;23;25;39;24
87;13;8;8;5;6;13;14;26;32;30;21;19;25;29;24;22;22;34
88;20;9;4;8;6;5;12;10;22;31;28;19;18;18;24;21;19;21
89;6;18;9;3;8;4;3;10;8;18;24;25;16;17;15;22;16;15
90;9;4;16;3;2;5;3;3;8;7;11;19;16;11;13;16;19;14
91;6;8;3;14;4;3;3;3;3;6;4;6;15;13;11;13;11;15
92;7;5;9;3;9;4;1;2;1;3;5;2;5;11;10;8;12;8
93;3;4;5;6;1;7;4;1;1;1;2;4;2;6;10;5;7;10
94;4;3;3;3;6;1;2;3;1;1;1;2;4;1;5;8;5;5
95;2;3;1;2;3;4;1;1;2;1;1;1;2;4;0;4;9;1
96;0;2;3;1;1;3;1;0;1;2;1;0;0;2;4;0;3;5
97;2;0;2;3;1;0;1;1;0;1;2;1;0;0;1;4;0;3
98;0;0;0;0;3;0;0;1;0;0;1;1;0;0;0;1;1;0
99;0;0;0;0;0;3;0;0;1;0;0;1;1;0;0;0;0;1
100 e oltre;0;0;0;0;0;0;1;0;0;1;1;0;0;0;0;0;0;1
Totale;5590;5520;5481;5396;5362;5319;5307;5314;5321;5321;5281;5221;5198;5174;5129;5086;5068;5348
Età/Anno;2002;2003;2004;2005;2006;2007;2008;2009;2010;2011;2012;2013;2014;2015;2016;2017;2018;2019
Età;Maschi
0;36;34;21;29;30;28;15;30;25;29;12;17;26;17;17;21;12;13
1;25;36;33;22;26;33;29;15;31;26;28;14;18;26;17;15;23;13
2;35;25;36;32;20;26;31;29;15;30;28;27;14;17;25;14;15;25
3;25;35;25;35;37;20;26;28;30;17;30;27;27;13;18;24;13;18
4;29;24;31;26;32;34;20;25;28;29;15;31;28;26;13;18;23;18
5;20;27;25;31;26;31;34;19;28;29;29;14;31;24;25;14;19;21
6;24;18;27;24;28;27;32;35;21;26;29;28;13;31;25;25;14;20
7;31;24;18;27;24;27;26;33;36;21;27;28;26;13;30;25;24;16
8;36;31;24;18;27;24;27;27;33;37;21;25;27;24;13;30;25;26
9;32;37;30;24;18;28;24;28;28;33;35;21;25;27;24;14;30;26
10;34;33;37;28;22;18;30;24;28;29;33;33;21;26;27;23;13;29
11;38;34;33;36;29;22;18;30;24;28;28;32;32;22;25;27;22;14
12;33;39;34;33;35;29;22;18;30;27;29;29;32;32;19;26;28;24
13;42;31;38;35;34;35;29;24;19;30;27;30;30;33;33;19;26;28
14;31;40;32;38;32;34;35;31;24;18;31;28;30;31;31;33;19;25
15;25;30;40;32;39;32;34;36;31;24;19;35;29;31;32;32;33;19
16;41;24;28;40;31;39;32;34;37;30;27;21;39;30;32;36;32;33
17;29;40;24;28;40;31;40;33;35;38;30;30;22;46;32;33;40;35
18;36;29;39;23;28;39;33;40;33;34;38;33;32;32;60;42;45;69
19;27;36;28;38;22;28;39;36;39;33;34;37;37;36;33;55;43;58
20;41;27;36;27;38;23;29;37;35;42;33;34;37;37;37;33;51;54
21;33;41;26;36;25;37;21;28;39;36;43;33;34;39;35;40;35;67
22;24;29;41;26;37;25;37;21;27;41;35;43;35;36;40;36;44;51
23;29;24;30;39;25;36;24;35;18;26;40;35;44;36;38;40;40;58
24;33;29;22;30;38;26;42;25;35;18;25;41;38;44;36;39;41;50
25;46;32;29;21;28;35;27;42;23;34;19;28;39;37;43;37;44;54
26;47;47;30;30;22;27;35;23;41;23;34;18;26;37;38;43;33;59
27;38;46;45;28;30;23;24;37;21;41;22;33;20;25;34;35;44;47
28;29;41;46;45;27;29;25;21;36;22;39;20;30;18;24;33;35;61
29;43;30;40;43;46;28;29;26;24;38;20;34;19;30;19;23;30;45
30;33;39;29;35;45;47;25;30;25;23;37;18;31;18;30;17;23;46
31;40;32;38;26;34;47;48;26;32;26;23;34;17;32;17;31;17;40
32;37;40;32;37;25;33;47;48;26;33;25;22;34;19;33;18;32;32
33;30;37;36;30;37;24;30;49;44;25;31;24;20;33;18;29;16;42
34;42;28;35;34;30;35;23;32;46;41;22;32;23;20;32;18;27;27
35;49;41;33;33;32;27;32;24;31;47;39;22;31;22;21;32;17;34
36;32;49;45;32;32;33;29;34;24;34;49;38;23;31;21;22;32;33
37;41;30;48;45;30;31;31;27;36;26;34;44;38;22;29;21;22;37
38;39;41;29;47;46;31;32;33;27;38;26;33;39;38;26;26;21;34
39;33;39;40;29;46;49;32;32;34;29;38;25;36;39;35;26;27;30
40;42;32;38;43;29;46;50;31;33;36;29;37;25;35;39;36;26;29
41;32;43;32;39;42;29;45;50;30;32;38;29;35;23;35;39;35;25
42;26;32;42;32;38;43;30;45;51;30;30;36;29;35;24;33;40;46
43;37;26;32;40;32;38;43;31;45;51;29;30;33;29;36;24;33;42
44;32;36;26;33;41;32;38;43;31;42;50;31;29;33;29;35;25;39
45;31;31;35;25;32;41;32;39;44;31;41;49;33;31;32;30;33;27
46;26;30;31;35;25;33;39;32;39;44;32;40;48;32;30;32;30;36
47;34;27;29;31;35;24;33;38;34;39;43;31;41;47;30;28;33;31
48;25;32;28;31;32;35;26;32;37;34;38;44;29;39;48;29;27;36
49;31;24;32;27;31;29;35;26;32;37;34;37;44;28;39;46;28;30
50;39;32;24;32;27;29;29;36;28;32;36;34;36;45;28;38;45;29
51;34;38;32;24;31;26;28;28;34;26;33;37;35;35;45;28;38;43
52;34;35;38;32;25;31;26;27;28;32;28;33;39;32;35;46;27;42
53;43;33;35;38;31;25;31;26;27;29;32;28;35;37;32;35;45;27
54;38;43;33;35;38;32;26;31;25;25;30;34;30;35;36;32;36;45
55;32;38;44;32;33;38;31;26;30;24;24;29;34;29;35;37;32;36
56;29;34;37;44;32;34;39;32;25;30;27;24;29;36;28;35;38;34
57;33;28;37;36;45;32;34;39;31;25;30;26;24;29;37;29;35;41
58;24;33;29;38;36;44;32;32;39;33;25;29;25;27;27;39;30;33
59;22;24;33;27;38;36;44;32;33;39;33;25;29;25;27;27;39;31
60;19;23;24;32;26;38;37;44;32;32;39;33;25;29;26;27;27;40
61;26;19;23;24;32;26;38;36;42;31;32;38;33;26;31;25;29;25
62;31;26;18;24;24;34;26;39;36;42;30;33;39;33;25;32;26;29
63;27;28;26;17;24;23;32;25;39;36;41;30;33;39;32;26;32;24
64;23;28;27;25;17;24;24;32;25;39;35;41;30;32;37;32;26;27
65;37;22;29;27;24;16;23;24;32;25;38;36;41;28;30;38;32;25
66;37;36;23;29;28;24;15;23;24;31;25;36;36;40;26;30;38;31
67;36;37;37;22;29;29;25;14;22;23;31;24;40;36;41;26;29;34
68;34;35;37;36;22;28;28;22;12;21;23;31;22;38;36;41;26;28
69;26;33;35;36;34;21;30;28;24;14;21;23;32;22;37;36;40;27
70;43;27;34;35;36;34;20;29;26;24;14;20;19;32;22;32;38;39
71;41;42;29;34;35;35;34;18;28;26;24;14;20;18;33;21;31;36
72;40;40;40;29;32;34;35;32;18;28;26;24;14;18;19;31;21;30
73;29;38;39;39;25;31;33;33;33;17;26;24;20;14;18;19;33;20
74;40;27;36;36;40;21;31;32;31;30;16;25;23;18;14;19;19;32
75;19;39;27;33;35;37;21;29;31;27;30;16;24;23;18;14;16;19
76;26;19;36;27;32;30;35;20;25;30;26;30;13;25;22;17;14;16
77;20;25;18;29;27;27;28;33;20;25;26;26;27;12;24;21;17;12
78;19;18;23;17;26;25;24;25;32;18;24;24;23;27;13;23;21;17
79;27;17;16;22;16;27;23;22;25;31;17;23;20;22;27;12;20;20
80;21;26;16;15;19;16;25;23;21;24;31;14;23;19;17;25;12;19
81;17;19;23;13;12;17;12;23;23;21;22;31;12;23;16;16;24;13
82;12;14;17;19;12;11;15;12;21;22;20;19;28;12;23;14;13;23
83;1;11;12;17;18;13;12;13;10;21;19;16;20;27;11;21;12;13
84;4;1;9;11;17;18;13;8;12;8;18;17;14;18;22;9;21;12
85;2;2;1;5;10;14;16;13;6;11;8;16;15;12;14;18;8;20
86;3;2;2;1;4;9;11;15;12;7;9;7;15;14;8;11;16;7
87;7;3;2;2;1;3;9;8;14;13;5;8;6;15;13;8;9;12
88;8;6;2;2;2;0;3;6;6;14;13;5;8;4;13;10;6;8
89;2;7;6;2;2;1;0;3;5;5;12;13;3;8;5;12;7;5
90;5;0;5;3;2;2;1;0;2;4;3;11;8;3;6;5;11;7
91;1;4;0;4;3;2;1;2;0;2;1;2;7;6;3;7;5;8
92;3;1;5;0;3;3;1;0;1;0;1;0;2;4;3;2;6;4
93;0;1;1;5;0;2;3;0;0;1;0;0;1;2;3;1;2;4
94;1;0;1;0;5;0;0;3;0;0;1;0;0;0;2;2;1;0
95;0;1;0;1;0;3;0;0;2;0;0;1;0;0;0;1;2;1
96;0;0;1;0;1;0;0;0;0;2;0;0;0;0;0;0;1;1
97;0;0;0;1;0;0;0;0;0;0;2;0;0;0;0;0;0;1
98;0;0;0;0;1;0;0;0;0;0;0;1;0;0;0;0;0;0
99;0;0;0;0;0;1;0;0;0;0;0;0;1;0;0;0;0;0
100 e oltre;0;0;0;0;0;0;0;0;0;0;0;0;0;0;0;0;0;0
Totale;2699;2677;2660;2620;2602;2587;2573;2570;2567;2587;2555;2526;2512;2511;2499;2487;2496;2822
Età/Anno;2002;2003;2004;2005;2006;2007;2008;2009;2010;2011;2012;2013;2014;2015;2016;2017;2018;2019
Età;Femmine
0;23;27;22;24;30;22;20;18;26;18;22;24;21;17;28;19;15;23
1;32;24;27;22;26;29;23;20;16;26;19;21;28;18;16;29;18;15
2;28;30;24;28;20;26;27;23;19;16;26;18;22;26;18;15;31;18
3;26;28;31;25;27;21;28;30;24;19;16;27;17;22;26;16;15;27
4;27;25;28;32;25;28;22;28;29;26;18;16;28;18;22;25;15;13
5;22;26;25;28;30;25;29;22;28;30;26;20;16;27;18;23;25;15
6;21;24;27;26;27;30;26;30;22;29;30;26;20;17;25;16;21;23
7;42;22;23;28;26;27;32;28;30;21;31;28;26;19;17;27;17;21
8;31;42;22;23;26;25;27;29;28;30;22;31;24;25;19;17;28;17
9;30;29;43;23;22;26;25;26;30;28;30;22;31;24;24;19;17;28
10;25;28;29;43;23;22;25;26;28;31;28;29;22;29;24;26;20;17
11;28;25;27;28;43;22;21;28;27;26;31;29;29;22;29;24;25;20
12;26;28;23;27;28;41;22;22;28;27;26;30;29;29;21;29;24;24
13;28;26;29;22;27;29;41;21;21;28;27;25;29;27;26;21;29;24
14;28;28;26;26;21;28;30;41;22;21;28;27;26;30;25;25;21;30
15;26;29;28;25;26;21;27;30;44;21;22;28;27;25;30;25;25;20
16;32;27;28;27;26;25;21;28;30;43;20;22;28;27;26;30;25;25
17;36;32;25;27;28;26;25;21;30;32;43;22;24;28;26;25;29;24
18;27;36;31;24;26;28;26;25;22;30;33;43;22;26;27;26;24;29
19;28;27;36;30;24;25;28;27;25;22;30;33;44;23;25;28;29;28
20;29;25;28;36;31;24;26;30;26;25;22;30;34;47;24;24;28;30
21;34;29;27;27;35;31;24;27;27;26;26;23;31;32;51;25;23;30
22;33;34;28;26;29;32;34;25;26;25;24;26;27;28;31;47;26;26
23;33;35;31;27;25;30;35;34;25;26;25;24;25;27;30;36;45;26
24;44;31;35;29;26;25;29;35;35;27;29;26;25;26;26;29;34;43
25;42;43;32;32;30;26;25;29;34;32;28;29;26;27;27;25;28;32
26;35;43;45;34;33;28;26;24;26;34;33;27;29;30;26;27;25;30
27;49;34;45;47;33;31;31;26;25;25;34;33;28;32;28;24;26;20
28;25;47;32;49;46;34;32;31;27;27;24;32;31;27;31;28;19;25
29;41;24;45;31;48;44;31;31;31;27;28;22;29;29;27;28;25;20
30;48;39;26;45;31;50;43;29;30;31;28;26;22;33;29;26;26;25
31;31;46;39;25;45;31;50;46;31;28;33;27;25;22;30;26;23;26
32;47;28;46;39;23;44;30;47;44;27;30;30;27;23;23;30;28;26
33;53;42;27;45;39;22;43;30;44;42;27;29;30;26;22;22;30;29
34;39;50;41;26;45;38;25;42;31;41;41;29;29;30;26;23;21;29
35;40;37;48;41;28;44;37;26;45;31;38;41;28;29;30;29;22;21
36;36;38;36;48;40;26;46;40;28;45;30;36;41;28;29;30;29;25
37;46;37;34;34;46;40;27;47;39;27;46;30;36;41;28;30;31;26
38;39;47;37;31;33;46;41;28;47;39;27;46;32;34;40;29;32;29
39;32;39;45;35;30;33;46;42;28;48;39;26;46;32;33;42;29;28
40;31;32;40;44;34;30;32;48;45;29;48;37;26;45;32;34;42;30
41;39;31;32;40;41;33;29;33;47;44;29;45;36;25;44;30;34;40
42;30;40;31;33;40;39;34;30;33;48;43;29;45;38;23;44;31;34
43;30;30;40;32;33;42;40;32;32;33;48;41;27;44;38;23;45;31
44;35;29;31;38;32;33;43;38;31;32;32;51;42;27;44;38;24;42
45;28;34;29;29;37;32;33;42;38;31;32;32;51;41;27;43;38;22
46;28;27;35;29;29;36;32;36;43;38;31;32;33;51;41;27;43;39
47;44;27;26;34;30;28;36;33;36;42;38;31;30;32;51;41;27;43
48;31;45;26;26;35;30;28;34;33;36;41;38;31;31;33;49;42;24
49;32;29;45;26;25;34;29;31;35;31;36;42;38;31;30;33;49;42
50;29;32;29;45;26;25;35;30;33;35;31;36;45;38;30;29;33;47
51;42;30;30;28;45;26;26;36;32;35;35;32;36;47;37;29;30;33
52;35;42;29;29;28;46;26;26;34;30;34;34;32;35;47;34;29;30
53;32;36;41;29;28;28;46;27;26;34;31;33;36;32;35;48;34;30
54;38;31;36;41;29;31;28;45;27;27;34;31;32;35;32;35;47;34
55;38;37;31;37;42;28;29;27;43;27;26;34;31;28;35;29;35;46
56;34;38;34;32;38;42;29;30;30;43;27;26;32;32;29;34;30;34
57;42;34;39;33;32;38;43;29;29;29;43;26;27;32;31;29;34;30
58;32;41;34;39;33;32;38;44;30;29;30;43;26;27;31;31;29;34
59;28;31;44;34;40;33;32;39;44;30;28;30;44;26;27;31;31;28
60;32;28;32;44;34;38;34;32;41;43;30;29;29;44;26;27;31;30
61;35;31;28;31;44;33;40;35;31;39;42;30;31;30;43;26;27;29
62;40;36;31;28;30;45;33;40;35;31;39;42;30;32;30;43;26;27
63;37;39;36;31;27;30;45;32;40;35;30;39;41;28;31;31;42;24
64;43;36;39;38;31;25;30;46;31;40;35;30;39;41;28;31;31;43
65;33;41;36;38;37;31;25;28;47;30;40;34;30;39;40;28;31;30
66;36;33;40;35;38;36;31;26;28;47;30;40;34;31;39;39;28;31
67;42;37;34;40;34;37;36;30;24;28;47;30;39;35;31;39;41;28
68;44;42;36;33;39;32;37;36;30;24;28;46;29;39;37;30;39;41
69;35;44;42;34;31;37;30;37;37;30;23;28;46;28;38;36;28;36
70;44;35;44;41;33;30;37;28;36;36;28;23;28;45;26;38;35;28
71;43;42;33;43;41;31;29;37;28;36;36;28;22;28;44;24;38;33
72;32;42;41;33;44;41;31;28;36;28;36;36;27;22;28;42;23;35
73;33;30;39;40;33;44;40;31;28;36;27;35;36;26;22;27;41;21
74;34;30;28;37;39;31;44;39;31;28;36;26;32;34;26;22;26;38
75;38;32;30;26;36;38;30;44;41;31;28;33;26;32;34;25;22;21
76;26;37;31;27;25;34;35;30;39;40;31;27;32;26;32;32;24;21
77;28;26;34;29;25;25;34;32;29;39;39;30;27;32;26;32;31;23
78;30;27;23;34;27;25;25;34;30;28;38;36;27;26;32;27;31;31
79;45;27;28;21;33;25;25;25;33;29;27;36;35;27;25;31;25;32
80;31;43;28;26;20;31;26;25;25;29;26;26;32;34;27;23;28;24
81;19;26;40;24;24;21;31;23;23;25;28;26;25;30;33;25;22;29
82;14;19;26;34;24;22;20;28;23;22;23;26;24;24;27;29;25;21
83;8;13;16;26;30;22;21;19;25;23;22;22;26;25;21;25;28;23
84;6;7;12;13;25;27;19;20;16;23;21;22;21;20;23;19;25;26
85;9;5;6;11;12;25;22;19;21;16;21;21;20;18;17;22;17;22
86;9;7;5;5;10;10;22;19;17;17;14;19;16;18;15;14;23;17
87;6;5;6;3;5;10;5;18;18;17;16;11;19;14;11;14;13;22
88;12;3;2;6;4;5;9;4;16;17;15;14;10;14;11;11;13;13
89;4;11;3;1;6;3;3;7;3;13;12;12;13;9;10;10;9;10
90;4;4;11;0;0;3;2;3;6;3;8;8;8;8;7;11;8;7
91;5;4;3;10;1;1;2;1;3;4;3;4;8;7;8;6;6;7
92;4;4;4;3;6;1;0;2;0;3;4;2;3;7;7;6;6;4
93;3;3;4;1;1;5;1;1;1;0;2;4;1;4;7;4;5;6
94;3;3;2;3;1;1;2;0;1;1;0;2;4;1;3;6;4;5
95;2;2;1;1;3;1;1;1;0;1;1;0;2;4;0;3;7;0
96;0;2;2;1;0;3;1;0;1;0;1;0;0;2;4;0;2;4
97;2;0;2;2;1;0;1;1;0;1;0;1;0;0;1;4;0;2
98;0;0;0;0;2;0;0;1;0;0;1;0;0;0;0;1;1;0
99;0;0;0;0;0;2;0;0;1;0;0;1;0;0;0;0;0;1
100 e oltre;0;0;0;0;0;0;1;0;0;1;1;0;0;0;0;0;0;1
Totale;2891;2843;2821;2776;2760;2732;2734;2744;2754;2734;2726;2695;2686;2663;2630;2599;2572;2526

"Ricostruzione della popolazione intercensuaria - Popolazione al 1° gennaio per età"
"Cittadinanza italiana - Comune: Mineo"
Età/Anno;2002;2003;2004;2005;2006;2007;2008;2009;2010;2011;2012;2013;2014;2015;2016;2017;2018;2019
Età;Totale
0;59;59;43;53;60;50;32;48;48;40;30;39;41;27;41;39;21;27
1;57;60;58;43;52;61;51;31;46;49;41;30;42;38;27;39;38;19
2;63;55;58;58;40;52;58;51;29;46;50;40;30;40;39;26;39;37
3;51;62;56;58;62;41;53;57;51;31;46;50;38;29;41;37;26;40
4;56;49;58;58;55;60;42;52;57;51;29;47;52;37;29;40;37;23
5;41;52;49;58;56;54;60;41;55;59;51;31;47;49;37;31;41;32
6;45;42;54;49;55;57;54;62;43;55;59;50;32;47;48;35;29;41
7;73;46;41;55;49;54;58;55;62;42;56;56;48;31;46;50;36;28
8;67;73;46;41;53;48;54;56;54;63;43;55;51;46;31;46;51;34
9;61;66;73;47;40;53;48;53;57;55;61;43;55;51;46;33;47;50
10;58;61;66;71;45;40;54;49;54;59;54;59;42;54;51;47;33;45
11;66;58;60;64;72;44;39;56;49;52;58;54;58;43;53;51;45;32
12;59;66;57;60;63;70;44;40;56;52;52;57;53;58;40;54;52;44
13;70;57;66;57;61;64;70;45;39;56;52;51;56;54;57;40;54;52
14;59;68;58;64;53;62;65;72;46;38;56;52;51;57;52;56;40;53
15;51;59;68;57;65;53;61;65;75;45;39;56;51;51;57;53;56;39
16;73;51;56;67;57;64;53;61;65;73;45;39;55;49;52;57;53;55
17;65;72;49;55;68;57;65;54;63;68;73;46;39;55;48;51;56;52
18;63;65;70;47;54;67;57;65;54;63;68;73;45;40;56;48;51;57
19;55;63;64;68;46;53;67;59;64;54;63;66;74;46;38;55;49;48
20;70;52;64;63;68;47;52;65;58;66;53;61;67;76;47;39;54;47
21;67;70;52;63;60;68;44;52;64;58;68;53;59;64;76;48;37;54
22;57;62;67;51;66;57;68;45;50;64;55;67;53;58;62;71;48;36
23;62;58;59;65;49;66;56;65;42;48;63;55;65;55;61;66;70;42
24;77;60;55;57;64;51;67;57;64;42;50;64;56;65;56;60;64;62
25;88;75;61;51;57;61;50;65;53;61;42;50;63;55;62;55;59;58
26;82;90;74;64;53;55;60;45;61;53;60;39;48;61;54;59;48;56
27;87;80;90;73;62;52;52;62;43;60;51;58;41;49;58;50;57;41
28;52;88;77;92;71;63;51;47;59;44;59;48;56;38;45;58;45;58
29;84;53;85;73;92;69;60;51;49;62;42;52;47;54;39;43;52;43
30;81;77;53;79;73;95;66;58;48;47;63;38;51;46;53;37;42;53
31;71;77;74;50;78;75;96;68;61;47;47;60;37;52;43;54;34;43
32;83;67;77;74;47;76;73;92;66;58;48;44;60;37;53;44;56;36
33;81;78;62;75;74;45;72;73;85;63;56;47;44;58;35;49;42;54
34;79;77;75;60;75;71;47;71;70;80;60;58;47;43;56;36;46;43
35;86;77;78;73;60;71;68;48;73;72;76;60;55;47;45;60;34;42
36;67;84;79;77;72;59;73;70;48;76;72;72;61;56;47;48;60;39
37;85;67;80;77;74;70;58;71;71;49;75;69;72;60;55;48;49;54
38;77;86;66;76;77;75;73;61;71;72;48;73;67;71;64;54;50;47
39;65;77;82;64;74;80;75;74;61;74;70;47;76;67;68;65;55;45
40;72;64;77;84;63;74;81;75;76;62;73;67;46;75;68;70;65;52
41;70;73;64;78;81;62;72;81;73;74;63;71;67;44;75;67;69;62
42;56;71;72;65;77;79;64;73;82;74;71;61;72;68;44;74;68;70
43;66;56;71;71;65;79;79;62;73;81;74;69;57;70;68;44;74;66
44;67;64;57;70;72;65;80;76;61;70;79;76;70;58;70;68;46;69
45;59;65;63;54;68;72;65;80;76;61;69;77;76;71;57;71;67;44
46;54;57;66;63;54;68;70;66;80;76;62;67;77;76;70;57;71;67
47;77;54;55;65;64;52;68;70;66;79;75;61;65;75;76;69;58;70
48;56;76;53;57;66;64;52;66;69;66;77;77;60;68;77;74;69;57
49;63;53;76;52;56;63;64;54;66;67;66;79;78;59;67;76;74;69
50;68;63;53;76;52;54;63;66;56;66;66;66;80;78;58;66;75;71
51;76;68;62;52;75;52;54;63;65;56;67;67;65;79;77;57;67;71
52;69;77;67;61;53;76;51;53;61;61;57;66;69;62;79;77;56;68
53;75;69;76;67;59;53;76;52;53;61;62;57;70;67;63;80;77;56
54;76;74;69;75;67;63;54;75;51;52;62;64;58;69;67;64;80;76
55;69;75;75;69;75;66;60;53;72;50;50;61;64;56;69;65;65;78
56;63;71;71;76;70;76;68;62;54;72;52;50;59;66;56;68;67;64
57;75;62;75;69;77;70;77;68;59;53;72;51;51;59;67;57;68;69
58;56;74;63;76;69;76;70;76;69;61;54;71;50;54;56;69;58;66
59;50;55;77;61;76;69;76;70;77;69;60;54;72;50;54;57;68;57
60;51;51;56;76;60;74;71;76;72;75;69;61;53;72;51;54;56;67
61;61;50;51;55;76;59;76;70;73;69;74;68;63;55;74;50;56;51
62;71;62;49;52;54;79;59;78;70;73;68;75;69;64;54;75;51;56
63;64;67;62;48;51;53;77;57;78;70;71;68;74;67;63;56;74;47
64;66;64;66;63;48;49;54;78;56;78;69;71;68;73;65;63;56;70
65;70;63;65;65;61;47;48;52;79;55;77;69;71;66;70;66;63;54
66;73;69;63;64;66;60;46;49;52;78;55;75;69;71;64;69;66;61
67;78;74;71;62;63;66;61;44;46;51;78;54;78;70;72;64;70;62
68;78;77;73;69;61;60;65;58;42;45;51;77;51;76;72;71;64;69
69;61;77;77;70;65;58;60;65;61;44;44;51;78;50;74;71;68;62
70;87;62;78;76;69;64;57;57;62;60;42;43;47;77;48;69;72;67
71;84;84;62;77;76;66;63;55;56;62;60;42;42;46;77;45;68;68
72;72;82;81;62;76;75;66;60;54;56;62;60;41;40;47;73;44;64
73;62;67;78;79;58;75;73;64;61;53;53;59;56;40;40;46;74;41
74;74;57;63;73;79;52;75;71;62;58;52;51;55;52;40;41;45;70
75;57;71;57;58;71;75;51;73;72;58;58;49;50;55;52;39;38;40
76;52;56;67;54;57;64;70;50;64;70;57;57;45;51;54;49;38;37
77;48;51;52;58;52;52;62;65;49;64;65;56;54;44;50;53;48;35
78;49;45;46;51;53;50;49;59;62;46;62;60;50;53;45;50;52;48
79;72;44;44;43;49;52;48;47;58;60;44;59;55;48;52;43;45;52
80;52;69;44;41;39;47;51;48;46;53;57;40;55;53;43;48;40;43
81;36;45;63;37;36;38;43;46;46;46;50;57;37;53;49;40;46;42
82;26;33;43;53;36;33;35;40;44;44;43;45;52;36;50;43;37;44
83;9;24;28;43;48;35;33;32;35;44;41;38;46;52;32;46;40;35
84;10;8;21;24;42;45;32;28;28;31;39;39;35;38;45;28;46;38
85;11;7;7;16;22;39;38;32;27;27;29;37;35;30;31;40;25;42
86;12;9;7;6;14;19;33;34;29;24;23;26;31;32;23;25;39;24
87;13;8;8;5;6;13;14;26;32;30;21;19;25;29;24;22;22;34
88;20;9;4;8;6;5;12;10;22;31;28;19;18;18;24;21;19;21
89;6;18;9;3;8;4;3;10;8;18;24;25;16;17;15;22;16;15
90;9;4;16;3;2;5;3;3;8;7;11;19;16;11;13;16;19;14
91;6;8;3;14;4;3;3;3;3;6;4;6;15;13;11;13;11;15
92;7;5;9;3;9;4;1;2;1;3;5;2;5;11;10;8;12;8
93;3;4;5;6;1;7;4;1;1;1;2;4;2;6;10;5;7;10
94;4;3;3;3;6;1;2;3;1;1;1;2;4;1;5;8;5;5
95;2;3;1;2;3;4;1;1;2;1;1;1;2;4;0;4;9;1
96;0;2;3;1;1;3;1;0;1;2;1;0;0;2;4;0;3;5
97;2;0;2;3;1;0;1;1;0;1;2;1;0;0;1;4;0;3
98;0;0;0;0;3;0;0;1;0;0;1;1;0;0;0;1;1;0
99;0;0;0;0;0;3;0;0;1;0;0;1;1;0;0;0;0;1
100 e oltre;0;0;0;0;0;0;1;0;0;1;1;0;0;0;0;0;0;1
Totale;5568;5492;5439;5354;5323;5281;5232;5202;5167;5154;5090;5008;4955;4894;4840;4803;4743;4585
Età/Anno;2002;2003;2004;2005;2006;2007;2008;2009;2010;2011;2012;2013;2014;2015;2016;2017;2018;2019
Età;Maschi
0;36;34;21;29;30;28;13;30;23;25;9;17;22;13;17;21;12;9
1;25;36;33;21;26;32;28;13;30;24;24;10;18;22;14;15;21;11
2;35;25;35;32;20;26;31;28;12;30;26;24;10;17;23;13;15;21
3;25;34;25;34;37;20;26;28;28;14;30;25;23;9;18;23;13;18
4;29;24;30;26;31;34;20;25;28;27;13;31;26;21;9;18;23;12
5;19;27;24;30;26;30;34;19;28;29;27;13;31;24;21;10;19;18
6;24;18;27;23;28;27;30;35;21;26;29;27;13;31;25;21;10;19
7;31;24;18;27;23;27;26;31;35;21;26;28;25;13;30;25;21;9
8;36;31;24;18;27;23;27;27;30;36;21;25;27;24;13;30;25;20
9;32;37;30;24;18;27;23;27;27;30;34;21;25;27;24;14;30;24
10;34;33;37;28;22;18;29;23;27;28;30;33;21;26;27;23;13;28
11;38;34;33;36;29;22;18;29;23;27;27;30;32;22;25;27;22;13
12;33;38;34;33;35;29;22;18;29;26;27;27;30;32;19;26;28;22
13;42;31;37;35;34;35;29;24;19;29;26;27;27;32;33;19;26;28
14;31;40;32;38;32;34;35;31;24;18;29;26;26;27;31;33;19;24
15;25;30;40;32;39;32;34;35;31;24;18;29;25;26;27;32;33;19
16;41;24;28;40;31;39;32;34;35;30;25;18;28;23;26;27;32;32
17;29;40;24;28;40;31;40;33;34;36;30;25;17;28;23;26;27;32
18;36;29;39;23;28;39;31;40;33;34;36;30;24;17;29;22;27;28
19;27;36;28;38;22;28;39;32;39;33;34;34;30;26;15;28;23;26
20;41;27;36;27;38;23;28;36;32;41;32;32;34;30;26;15;27;23
21;33;41;26;36;25;37;21;28;38;32;42;32;30;35;29;26;15;27
22;24;29;40;26;37;25;37;21;27;40;31;41;32;32;34;28;26;16
23;29;24;29;38;25;36;22;35;18;25;39;31;40;34;33;35;28;23
24;33;29;22;29;38;26;39;23;35;18;24;39;31;39;34;33;35;23
25;46;32;29;21;27;35;26;38;21;34;19;24;37;30;36;34;33;34
26;47;47;30;30;22;27;35;22;37;21;33;17;22;34;30;35;28;31
27;38;46;45;28;29;23;24;37;19;37;20;31;18;22;32;28;34;25
28;28;41;45;45;27;29;24;20;35;20;37;19;29;16;21;31;28;34
29;43;30;40;42;46;28;29;24;22;36;18;32;19;29;17;20;28;26
30;33;39;28;35;42;47;25;30;22;21;36;17;31;17;28;15;19;29
31;40;32;38;25;34;44;48;25;31;22;20;33;17;32;17;30;15;20
32;37;40;32;37;24;33;43;48;25;32;21;20;33;19;33;18;30;16
33;30;37;36;30;37;23;30;44;44;24;30;20;20;33;18;29;16;27
34;41;28;35;34;30;35;22;30;41;41;22;30;20;20;32;18;27;16
35;48;41;31;33;32;27;32;23;29;43;39;22;28;21;21;32;17;24
36;31;48;45;30;32;33;29;33;23;32;44;37;23;29;21;22;32;20
37;40;30;47;45;29;31;31;27;35;25;31;41;37;22;28;21;22;29
38;38;40;29;46;46;30;32;33;27;36;24;30;37;37;26;26;21;22
39;33;38;38;29;45;49;30;32;34;29;34;24;33;37;35;26;27;20
40;41;32;37;41;29;45;50;29;33;34;29;33;24;33;38;36;26;25
41;32;42;32;38;40;29;44;49;28;31;36;29;33;23;34;39;35;25
42;26;32;41;32;37;40;30;45;51;28;29;34;29;33;24;33;40;36
43;37;26;32;39;32;37;40;30;44;50;28;29;32;29;34;24;33;37
44;32;36;26;33;40;32;37;39;30;41;48;28;29;33;29;33;25;32
45;31;31;35;25;32;40;32;38;39;30;40;46;28;30;32;30;32;25
46;26;30;31;35;25;33;38;32;38;40;31;39;45;28;29;32;30;31
47;34;27;29;31;35;24;33;37;32;38;39;30;39;44;28;28;33;29
48;25;32;27;31;31;35;25;32;36;32;37;41;29;39;45;28;27;35
49;31;24;32;26;31;29;35;25;32;36;32;37;42;28;39;45;28;27
50;39;32;24;32;26;29;29;36;27;32;35;32;36;42;28;38;44;26
51;34;38;32;24;31;26;28;28;34;26;33;35;31;35;42;28;38;40
52;34;35;38;32;25;31;26;27;28;32;27;33;37;29;35;43;27;39
53;43;33;35;38;31;25;31;26;27;28;32;27;35;35;30;35;43;26
54;38;43;33;34;38;32;26;31;25;25;29;34;29;35;35;31;36;42
55;32;38;44;32;33;38;31;26;30;24;24;28;34;29;35;36;32;35
56;29;34;37;44;32;34;39;32;25;30;26;24;28;36;28;35;37;32
57;33;28;37;36;45;32;34;39;31;25;30;26;24;28;37;29;35;39
58;24;33;29;38;36;44;32;32;39;33;25;29;25;27;26;39;30;33
59;22;24;33;27;37;36;44;32;33;39;33;25;29;25;27;27;39;30
60;19;23;24;32;26;37;37;44;32;32;39;33;25;29;26;27;27;40
61;26;19;23;24;32;26;37;36;42;31;32;38;33;26;31;25;29;24
62;31;26;18;24;24;34;26;39;36;42;30;33;39;33;25;32;26;29
63;27;28;26;17;24;23;32;25;39;36;41;30;33;39;32;26;32;24
64;23;28;27;25;17;24;24;32;25;39;35;41;30;32;37;32;26;27
65;37;22;29;27;24;16;23;24;32;25;38;36;41;28;30;38;32;25
66;37;36;23;29;28;24;15;23;24;31;25;36;36;40;26;30;38;30
67;36;37;37;22;29;29;25;14;22;23;31;24;40;36;41;26;29;34
68;34;35;37;36;22;28;28;22;12;21;23;31;22;38;36;41;26;28
69;26;33;35;36;34;21;30;28;24;14;21;23;32;22;37;36;40;27
70;43;27;34;35;36;34;20;29;26;24;14;20;19;32;22;32;38;39
71;41;42;29;34;35;35;34;18;28;26;24;14;20;18;33;21;31;36
72;40;40;40;29;32;34;35;32;18;28;26;24;14;18;19;31;21;30
73;29;38;39;39;25;31;33;33;33;17;26;24;20;14;18;19;33;20
74;40;27;36;36;40;21;31;32;31;30;16;25;23;18;14;19;19;32
75;19;39;27;33;35;37;21;29;31;27;30;16;24;23;18;14;16;19
76;26;19;36;27;32;30;35;20;25;30;26;30;13;25;22;17;14;16
77;20;25;18;29;27;27;28;33;20;25;26;26;27;12;24;21;17;12
78;19;18;23;17;26;25;24;25;32;18;24;24;23;27;13;23;21;17
79;27;17;16;22;16;27;23;22;25;31;17;23;20;22;27;12;20;20
80;21;26;16;15;19;16;25;23;21;24;31;14;23;19;17;25;12;19
81;17;19;23;13;12;17;12;23;23;21;22;31;12;23;16;16;24;13
82;12;14;17;19;12;11;15;12;21;22;20;19;28;12;23;14;13;23
83;1;11;12;17;18;13;12;13;10;21;19;16;20;27;11;21;12;13
84;4;1;9;11;17;18;13;8;12;8;18;17;14;18;22;9;21;12
85;2;2;1;5;10;14;16;13;6;11;8;16;15;12;14;18;8;20
86;3;2;2;1;4;9;11;15;12;7;9;7;15;14;8;11;16;7
87;7;3;2;2;1;3;9;8;14;13;5;8;6;15;13;8;9;12
88;8;6;2;2;2;0;3;6;6;14;13;5;8;4;13;10;6;8
89;2;7;6;2;2;1;0;3;5;5;12;13;3;8;5;12;7;5
90;5;0;5;3;2;2;1;0;2;4;3;11;8;3;6;5;11;7
91;1;4;0;4;3;2;1;2;0;2;1;2;7;6;3;7;5;8
92;3;1;5;0;3;3;1;0;1;0;1;0;2;4;3;2;6;4
93;0;1;1;5;0;2;3;0;0;1;0;0;1;2;3;1;2;4
94;1;0;1;0;5;0;0;3;0;0;1;0;0;0;2;2;1;0
95;0;1;0;1;0;3;0;0;2;0;0;1;0;0;0;1;2;1
96;0;0;1;0;1;0;0;0;0;2;0;0;0;0;0;0;1;1
97;0;0;0;1;0;0;0;0;0;0;2;0;0;0;0;0;0;1
98;0;0;0;0;1;0;0;0;0;0;0;1;0;0;0;0;0;0
99;0;0;0;0;0;1;0;0;0;0;0;0;1;0;0;0;0;0
100 e oltre;0;0;0;0;0;0;0;0;0;0;0;0;0;0;0;0;0;0
Totale;2691;2671;2644;2603;2585;2571;2541;2525;2505;2515;2469;2423;2386;2368;2345;2328;2308;2229
Età/Anno;2002;2003;2004;2005;2006;2007;2008;2009;2010;2011;2012;2013;2014;2015;2016;2017;2018;2019
Età;Femmine
0;23;25;22;24;30;22;19;18;25;15;21;22;19;14;24;18;9;18
1;32;24;25;22;26;29;23;18;16;25;17;20;24;16;13;24;17;8
2;28;30;23;26;20;26;27;23;17;16;24;16;20;23;16;13;24;16
3;26;28;31;24;25;21;27;29;23;17;16;25;15;20;23;14;13;22
4;27;25;28;32;24;26;22;27;29;24;16;16;26;16;20;22;14;11
5;22;25;25;28;30;24;26;22;27;30;24;18;16;25;16;21;22;14
6;21;24;27;26;27;30;24;27;22;29;30;23;19;16;23;14;19;22
7;42;22;23;28;26;27;32;24;27;21;30;28;23;18;16;25;15;19
8;31;42;22;23;26;25;27;29;24;27;22;30;24;22;18;16;26;14
9;29;29;43;23;22;26;25;26;30;25;27;22;30;24;22;19;17;26
10;24;28;29;43;23;22;25;26;27;31;24;26;21;28;24;24;20;17
11;28;24;27;28;43;22;21;27;26;25;31;24;26;21;28;24;23;19
12;26;28;23;27;28;41;22;22;27;26;25;30;23;26;21;28;24;22
13;28;26;29;22;27;29;41;21;20;27;26;24;29;22;24;21;28;24
14;28;28;26;26;21;28;30;41;22;20;27;26;25;30;21;23;21;29
15;26;29;28;25;26;21;27;30;44;21;21;27;26;25;30;21;23;20
16;32;27;28;27;26;25;21;27;30;43;20;21;27;26;26;30;21;23
17;36;32;25;27;28;26;25;21;29;32;43;21;22;27;25;25;29;20
18;27;36;31;24;26;28;26;25;21;29;32;43;21;23;27;26;24;29
19;28;27;36;30;24;25;28;27;25;21;29;32;44;20;23;27;26;22
20;29;25;28;36;30;24;24;29;26;25;21;29;33;46;21;24;27;24
21;34;29;26;27;35;31;23;24;26;26;26;21;29;29;47;22;22;27
22;33;33;27;25;29;32;31;24;23;24;24;26;21;26;28;43;22;20
23;33;34;30;27;24;30;34;30;24;23;24;24;25;21;28;31;42;19
24;44;31;33;28;26;25;28;34;29;24;26;25;25;26;22;27;29;39
25;42;43;32;30;30;26;24;27;32;27;23;26;26;25;26;21;26;24
26;35;43;44;34;31;28;25;23;24;32;27;22;26;27;24;24;20;25
27;49;34;45;45;33;29;28;25;24;23;31;27;23;27;26;22;23;16
28;24;47;32;47;44;34;27;27;24;24;22;29;27;22;24;27;17;24
29;41;23;45;31;46;41;31;27;27;26;24;20;28;25;22;23;24;17
30;48;38;25;44;31;48;41;28;26;26;27;21;20;29;25;22;23;24
31;31;45;36;25;44;31;48;43;30;25;27;27;20;20;26;24;19;23
32;46;27;45;37;23;43;30;44;41;26;27;24;27;18;20;26;26;20
33;51;41;26;45;37;22;42;29;41;39;26;27;24;25;17;20;26;27
34;38;49;40;26;45;36;25;41;29;39;38;28;27;23;24;18;19;27
35;38;36;47;40;28;44;36;25;44;29;37;38;27;26;24;28;17;18
36;36;36;34;47;40;26;44;37;25;44;28;35;38;27;26;26;28;19
37;45;37;33;32;45;39;27;44;36;24;44;28;35;38;27;27;27;25
38;39;46;37;30;31;45;41;28;44;36;24;43;30;34;38;28;29;25
39;32;39;44;35;29;31;45;42;27;45;36;23;43;30;33;39;28;25
40;31;32;40;43;34;29;31;46;43;28;44;34;22;42;30;34;39;27
41;38;31;32;40;41;33;28;32;45;43;27;42;34;21;41;28;34;37
42;30;39;31;33;40;39;34;28;31;46;42;27;43;35;20;41;28;34
43;29;30;39;32;33;42;39;32;29;31;46;40;25;41;34;20;41;29
44;35;28;31;37;32;33;43;37;31;29;31;48;41;25;41;35;21;37
45;28;34;28;29;36;32;33;42;37;31;29;31;48;41;25;41;35;19
46;28;27;35;28;29;35;32;34;42;36;31;28;32;48;41;25;41;36
47;43;27;26;34;29;28;35;33;34;41;36;31;26;31;48;41;25;41
48;31;44;26;26;35;29;27;34;33;34;40;36;31;29;32;46;42;22
49;32;29;44;26;25;34;29;29;34;31;34;42;36;31;28;31;46;42
50;29;31;29;44;26;25;34;30;29;34;31;34;44;36;30;28;31;45
51;42;30;30;28;44;26;26;35;31;30;34;32;34;44;35;29;29;31
52;35;42;29;29;28;45;25;26;33;29;30;33;32;33;44;34;29;29
53;32;36;41;29;28;28;45;26;26;33;30;30;35;32;33;45;34;30
54;38;31;36;41;29;31;28;44;26;27;33;30;29;34;32;33;44;34
55;37;37;31;37;42;28;29;27;42;26;26;33;30;27;34;29;33;43
56;34;37;34;32;38;42;29;30;29;42;26;26;31;30;28;33;30;32
57;42;34;38;33;32;38;43;29;28;28;42;25;27;31;30;28;33;30
58;32;41;34;38;33;32;38;44;30;28;29;42;25;27;30;30;28;33
59;28;31;44;34;39;33;32;38;44;30;27;29;43;25;27;30;29;27
60;32;28;32;44;34;37;34;32;40;43;30;28;28;43;25;27;29;27
61;35;31;28;31;44;33;39;34;31;38;42;30;30;29;43;25;27;27
62;40;36;31;28;30;45;33;39;34;31;38;42;30;31;29;43;25;27
63;37;39;36;31;27;30;45;32;39;34;30;38;41;28;31;30;42;23
64;43;36;39;38;31;25;30;46;31;39;34;30;38;41;28;31;30;43
65;33;41;36;38;37;31;25;28;47;30;39;33;30;38;40;28;31;29
66;36;33;40;35;38;36;31;26;28;47;30;39;33;31;38;39;28;31
67;42;37;34;40;34;37;36;30;24;28;47;30;38;34;31;38;41;28
68;44;42;36;33;39;32;37;36;30;24;28;46;29;38;36;30;38;41
69;35;44;42;34;31;37;30;37;37;30;23;28;46;28;37;35;28;35
70;44;35;44;41;33;30;37;28;36;36;28;23;28;45;26;37;34;28
71;43;42;33;43;41;31;29;37;28;36;36;28;22;28;44;24;37;32
72;32;42;41;33;44;41;31;28;36;28;36;36;27;22;28;42;23;34
73;33;29;39;40;33;44;40;31;28;36;27;35;36;26;22;27;41;21
74;34;30;27;37;39;31;44;39;31;28;36;26;32;34;26;22;26;38
75;38;32;30;25;36;38;30;44;41;31;28;33;26;32;34;25;22;21
76;26;37;31;27;25;34;35;30;39;40;31;27;32;26;32;32;24;21
77;28;26;34;29;25;25;34;32;29;39;39;30;27;32;26;32;31;23
78;30;27;23;34;27;25;25;34;30;28;38;36;27;26;32;27;31;31
79;45;27;28;21;33;25;25;25;33;29;27;36;35;26;25;31;25;32
80;31;43;28;26;20;31;26;25;25;29;26;26;32;34;26;23;28;24
81;19;26;40;24;24;21;31;23;23;25;28;26;25;30;33;24;22;29
82;14;19;26;34;24;22;20;28;23;22;23;26;24;24;27;29;24;21
83;8;13;16;26;30;22;21;19;25;23;22;22;26;25;21;25;28;22
84;6;7;12;13;25;27;19;20;16;23;21;22;21;20;23;19;25;26
85;9;5;6;11;12;25;22;19;21;16;21;21;20;18;17;22;17;22
86;9;7;5;5;10;10;22;19;17;17;14;19;16;18;15;14;23;17
87;6;5;6;3;5;10;5;18;18;17;16;11;19;14;11;14;13;22
88;12;3;2;6;4;5;9;4;16;17;15;14;10;14;11;11;13;13
89;4;11;3;1;6;3;3;7;3;13;12;12;13;9;10;10;9;10
90;4;4;11;0;0;3;2;3;6;3;8;8;8;8;7;11;8;7
91;5;4;3;10;1;1;2;1;3;4;3;4;8;7;8;6;6;7
92;4;4;4;3;6;1;0;2;0;3;4;2;3;7;7;6;6;4
93;3;3;4;1;1;5;1;1;1;0;2;4;1;4;7;4;5;6
94;3;3;2;3;1;1;2;0;1;1;0;2;4;1;3;6;4;5
95;2;2;1;1;3;1;1;1;0;1;1;0;2;4;0;3;7;0
96;0;2;2;1;0;3;1;0;1;0;1;0;0;2;4;0;2;4
97;2;0;2;2;1;0;1;1;0;1;0;1;0;0;1;4;0;2
98;0;0;0;0;2;0;0;1;0;0;1;0;0;0;0;1;1;0
99;0;0;0;0;0;2;0;0;1;0;0;1;0;0;0;0;0;1
100 e oltre;0;0;0;0;0;0;1;0;0;1;1;0;0;0;0;0;0;1
Totale;2877;2821;2795;2751;2738;2710;2691;2677;2662;2639;2621;2585;2569;2526;2495;2475;2435;2356

"Ricostruzione della popolazione intercensuaria - Popolazione al 1° gennaio per età"
"Cittadinanza straniera - Comune: Mineo"
Età/Anno;2002;2003;2004;2005;2006;2007;2008;2009;2010;2011;2012;2013;2014;2015;2016;2017;2018;2019
Età;Totale
0;0;2;0;0;0;0;3;0;3;7;4;2;6;7;4;1;6;9
1;0;0;2;1;0;1;1;4;1;3;6;5;4;6;6;5;3;9
2;0;0;2;2;0;0;0;1;5;0;4;5;6;3;4;3;7;6
3;0;1;0;2;2;0;1;1;3;5;0;4;6;6;3;3;2;5
4;0;0;1;0;2;2;0;1;0;4;4;0;4;7;6;3;1;8
5;1;1;1;1;0;2;3;0;1;0;4;3;0;2;6;6;3;4
6;0;0;0;1;0;0;4;3;0;0;0;4;1;1;2;6;6;2
7;0;0;0;0;1;0;0;6;4;0;2;0;4;1;1;2;5;9
8;0;0;0;0;0;1;0;0;7;4;0;1;0;3;1;1;2;9
9;1;0;0;0;0;1;1;1;1;6;4;0;1;0;2;0;0;4
10;1;0;0;0;0;0;1;1;2;1;7;3;1;1;0;2;0;1
11;0;1;0;0;0;0;0;2;2;2;1;7;3;1;1;0;2;2
12;0;1;0;0;0;0;0;0;2;2;3;2;8;3;0;1;0;4
13;0;0;1;0;0;0;0;0;1;2;2;4;3;6;2;0;1;0
14;0;0;0;0;0;0;0;0;0;1;3;3;5;4;4;2;0;2
15;0;0;0;0;0;0;0;1;0;0;2;7;5;5;5;4;2;0
16;0;0;0;0;0;0;0;1;2;0;2;4;12;8;6;9;4;3
17;0;0;0;0;0;0;0;0;2;2;0;6;7;19;10;7;13;7
18;0;0;0;0;0;0;2;0;1;1;3;3;9;18;31;20;18;41
19;0;0;0;0;0;0;0;4;0;1;1;4;7;13;20;28;23;38
20;0;0;0;0;1;0;3;2;3;1;2;3;4;8;14;18;25;37
21;0;0;1;0;0;0;1;3;2;4;1;3;6;7;10;17;21;43
22;0;1;2;1;0;0;3;1;3;2;4;2;9;6;9;12;22;41
23;0;1;2;1;1;0;3;4;1;4;2;4;4;8;7;10;15;42
24;0;0;2;2;0;0;4;3;6;3;4;3;7;5;6;8;11;31
25;0;0;0;2;1;0;2;6;4;5;5;7;2;9;8;7;13;28
26;0;0;1;0;2;0;1;2;6;4;7;6;7;6;10;11;10;33
27;0;0;0;2;1;2;3;1;3;6;5;8;7;8;4;9;13;26
28;2;0;1;2;2;0;6;5;4;5;4;4;5;7;10;3;9;28
29;0;1;0;1;2;3;0;6;6;3;6;4;1;5;7;8;3;22
30;0;1;2;1;3;2;2;1;7;7;2;6;2;5;6;6;7;18
31;0;1;3;1;1;3;2;4;2;7;9;1;5;2;4;3;6;23
32;1;1;1;2;1;1;4;3;4;2;7;8;1;5;3;4;4;22
33;2;1;1;0;2;1;1;6;3;4;2;6;6;1;5;2;4;17
34;2;1;1;0;0;2;1;3;7;2;3;3;5;7;2;5;2;13
35;3;1;3;1;0;0;1;2;3;6;1;3;4;4;6;1;5;13
36;1;3;2;3;0;0;2;4;4;3;7;2;3;3;3;4;1;19
37;2;0;2;2;2;1;0;3;4;4;5;5;2;3;2;3;4;9
38;1;2;0;2;2;2;0;0;3;5;5;6;4;1;2;1;3;16
39;0;1;3;0;2;2;3;0;1;3;7;4;6;4;0;3;1;13
40;1;0;1;3;0;2;1;4;2;3;4;7;5;5;3;0;3;7
41;1;1;0;1;2;0;2;2;4;2;4;3;4;4;4;2;0;3
42;0;1;1;0;1;3;0;2;2;4;2;4;2;5;3;3;3;10
43;1;0;1;1;0;1;4;1;4;3;3;2;3;3;6;3;4;7
44;0;1;0;1;1;0;1;5;1;4;3;6;1;2;3;5;3;12
45;0;0;1;0;1;1;0;1;6;1;4;4;8;1;2;2;4;5
46;0;0;0;1;0;1;1;2;2;6;1;5;4;7;1;2;2;8
47;1;0;0;0;1;0;1;1;4;2;6;1;6;4;5;0;2;4
48;0;1;1;0;1;1;2;0;1;4;2;5;0;2;4;4;0;3
49;0;0;1;1;0;0;0;3;1;1;4;0;4;0;2;3;3;3
50;0;1;0;1;1;0;1;0;5;1;1;4;1;5;0;1;3;5
51;0;0;0;0;1;0;0;1;1;5;1;2;6;3;5;0;1;5
52;0;0;0;0;0;1;1;0;1;1;5;1;2;5;3;3;0;4
53;0;0;0;0;0;0;1;1;0;2;1;4;1;2;4;3;2;1
54;0;0;0;1;0;0;0;1;1;0;2;1;4;1;1;3;3;3
55;1;0;0;0;0;0;0;0;1;1;0;2;1;1;1;1;2;4
56;0;1;0;0;0;0;0;0;1;1;2;0;2;2;1;1;1;4
57;0;0;1;0;0;0;0;0;1;1;1;1;0;2;1;1;1;2
58;0;0;0;1;0;0;0;0;0;1;1;1;1;0;2;1;1;1
59;0;0;0;0;2;0;0;1;0;0;1;1;1;1;0;1;2;2
60;0;0;0;0;0;2;0;0;1;0;0;1;1;1;1;0;2;3
61;0;0;0;0;0;0;2;1;0;1;0;0;1;1;0;1;0;3
62;0;0;0;0;0;0;0;1;1;0;1;0;0;1;1;0;1;0
63;0;0;0;0;0;0;0;0;1;1;0;1;0;0;0;1;0;1
64;0;0;0;0;0;0;0;0;0;1;1;0;1;0;0;0;1;0
65;0;0;0;0;0;0;0;0;0;0;1;1;0;1;0;0;0;1
66;0;0;0;0;0;0;0;0;0;0;0;1;1;0;1;0;0;1
67;0;0;0;0;0;0;0;0;0;0;0;0;1;1;0;1;0;0
68;0;0;0;0;0;0;0;0;0;0;0;0;0;1;1;0;1;0
69;0;0;0;0;0;0;0;0;0;0;0;0;0;0;1;1;0;1
70;0;0;0;0;0;0;0;0;0;0;0;0;0;0;0;1;1;0
71;0;0;0;0;0;0;0;0;0;0;0;0;0;0;0;0;1;1
72;0;0;0;0;0;0;0;0;0;0;0;0;0;0;0;0;0;1
73;0;1;0;0;0;0;0;0;0;0;0;0;0;0;0;0;0;0
74;0;0;1;0;0;0;0;0;0;0;0;0;0;0;0;0;0;0
75;0;0;0;1;0;0;0;0;0;0;0;0;0;0;0;0;0;0
76;0;0;0;0;0;0;0;0;0;0;0;0;0;0;0;0;0;0
77;0;0;0;0;0;0;0;0;0;0;0;0;0;0;0;0;0;0
78;0;0;0;0;0;0;0;0;0;0;0;0;0;0;0;0;0;0
79;0;0;0;0;0;0;0;0;0;0;0;0;0;1;0;0;0;0
80;0;0;0;0;0;0;0;0;0;0;0;0;0;0;1;0;0;0
81;0;0;0;0;0;0;0;0;0;0;0;0;0;0;0;1;0;0
82;0;0;0;0;0;0;0;0;0;0;0;0;0;0;0;0;1;0
83;0;0;0;0;0;0;0;0;0;0;0;0;0;0;0;0;0;1
84;0;0;0;0;0;0;0;0;0;0;0;0;0;0;0;0;0;0
85;0;0;0;0;0;0;0;0;0;0;0;0;0;0;0;0;0;0
86;0;0;0;0;0;0;0;0;0;0;0;0;0;0;0;0;0;0
87;0;0;0;0;0;0;0;0;0;0;0;0;0;0;0;0;0;0
88;0;0;0;0;0;0;0;0;0;0;0;0;0;0;0;0;0;0
89;0;0;0;0;0;0;0;0;0;0;0;0;0;0;0;0;0;0
90;0;0;0;0;0;0;0;0;0;0;0;0;0;0;0;0;0;0
91;0;0;0;0;0;0;0;0;0;0;0;0;0;0;0;0;0;0
92;0;0;0;0;0;0;0;0;0;0;0;0;0;0;0;0;0;0
93;0;0;0;0;0;0;0;0;0;0;0;0;0;0;0;0;0;0
94;0;0;0;0;0;0;0;0;0;0;0;0;0;0;0;0;0;0
95;0;0;0;0;0;0;0;0;0;0;0;0;0;0;0;0;0;0
96;0;0;0;0;0;0;0;0;0;0;0;0;0;0;0;0;0;0
97;0;0;0;0;0;0;0;0;0;0;0;0;0;0;0;0;0;0
98;0;0;0;0;0;0;0;0;0;0;0;0;0;0;0;0;0;0
99;0;0;0;0;0;0;0;0;0;0;0;0;0;0;0;0;0;0
100 e oltre;0;0;0;0;0;0;0;0;0;0;0;0;0;0;0;0;0;0
Totale;22;28;42;42;39;38;75;112;154;167;191;213;243;280;289;283;325;763
Età/Anno;2002;2003;2004;2005;2006;2007;2008;2009;2010;2011;2012;2013;2014;2015;2016;2017;2018;2019
Età;Maschi
0;0;0;0;0;0;0;2;0;2;4;3;0;4;4;0;0;0;4
1;0;0;0;1;0;1;1;2;1;2;4;4;0;4;3;0;2;2
2;0;0;1;0;0;0;0;1;3;0;2;3;4;0;2;1;0;4
3;0;1;0;1;0;0;0;0;2;3;0;2;4;4;0;1;0;0
4;0;0;1;0;1;0;0;0;0;2;2;0;2;5;4;0;0;6
5;1;0;1;1;0;1;0;0;0;0;2;1;0;0;4;4;0;3
6;0;0;0;1;0;0;2;0;0;0;0;1;0;0;0;4;4;1
7;0;0;0;0;1;0;0;2;1;0;1;0;1;0;0;0;3;7
8;0;0;0;0;0;1;0;0;3;1;0;0;0;0;0;0;0;6
9;0;0;0;0;0;1;1;1;1;3;1;0;0;0;0;0;0;2
10;0;0;0;0;0;0;1;1;1;1;3;0;0;0;0;0;0;1
11;0;0;0;0;0;0;0;1;1;1;1;2;0;0;0;0;0;1
12;0;1;0;0;0;0;0;0;1;1;2;2;2;0;0;0;0;2
13;0;0;1;0;0;0;0;0;0;1;1;3;3;1;0;0;0;0
14;0;0;0;0;0;0;0;0;0;0;2;2;4;4;0;0;0;1
15;0;0;0;0;0;0;0;1;0;0;1;6;4;5;5;0;0;0
16;0;0;0;0;0;0;0;0;2;0;2;3;11;7;6;9;0;1
17;0;0;0;0;0;0;0;0;1;2;0;5;5;18;9;7;13;3
18;0;0;0;0;0;0;2;0;0;0;2;3;8;15;31;20;18;41
19;0;0;0;0;0;0;0;4;0;0;0;3;7;10;18;27;20;32
20;0;0;0;0;0;0;1;1;3;1;1;2;3;7;11;18;24;31
21;0;0;0;0;0;0;0;0;1;4;1;1;4;4;6;14;20;40
22;0;0;1;0;0;0;0;0;0;1;4;2;3;4;6;8;18;35
23;0;0;1;1;0;0;2;0;0;1;1;4;4;2;5;5;12;35
24;0;0;0;1;0;0;3;2;0;0;1;2;7;5;2;6;6;27
25;0;0;0;0;1;0;1;4;2;0;0;4;2;7;7;3;11;20
26;0;0;0;0;0;0;0;1;4;2;1;1;4;3;8;8;5;28
27;0;0;0;0;1;0;0;0;2;4;2;2;2;3;2;7;10;22
28;1;0;1;0;0;0;1;1;1;2;2;1;1;2;3;2;7;27
29;0;0;0;1;0;0;0;2;2;2;2;2;0;1;2;3;2;19
30;0;0;1;0;3;0;0;0;3;2;1;1;0;1;2;2;4;17
31;0;0;0;1;0;3;0;1;1;4;3;1;0;0;0;1;2;20
32;0;0;0;0;1;0;4;0;1;1;4;2;1;0;0;0;2;16
33;0;0;0;0;0;1;0;5;0;1;1;4;0;0;0;0;0;15
34;1;0;0;0;0;0;1;2;5;0;0;2;3;0;0;0;0;11
35;1;0;2;0;0;0;0;1;2;4;0;0;3;1;0;0;0;10
36;1;1;0;2;0;0;0;1;1;2;5;1;0;2;0;0;0;13
37;1;0;1;0;1;0;0;0;1;1;3;3;1;0;1;0;0;8
38;1;1;0;1;0;1;0;0;0;2;2;3;2;1;0;0;0;12
39;0;1;2;0;1;0;2;0;0;0;4;1;3;2;0;0;0;10
40;1;0;1;2;0;1;0;2;0;2;0;4;1;2;1;0;0;4
41;0;1;0;1;2;0;1;1;2;1;2;0;2;0;1;0;0;0
42;0;0;1;0;1;3;0;0;0;2;1;2;0;2;0;0;0;10
43;0;0;0;1;0;1;3;1;1;1;1;1;1;0;2;0;0;5
44;0;0;0;0;1;0;1;4;1;1;2;3;0;0;0;2;0;7
45;0;0;0;0;0;1;0;1;5;1;1;3;5;1;0;0;1;2
46;0;0;0;0;0;0;1;0;1;4;1;1;3;4;1;0;0;5
47;0;0;0;0;0;0;0;1;2;1;4;1;2;3;2;0;0;2
48;0;0;1;0;1;0;1;0;1;2;1;3;0;0;3;1;0;1
49;0;0;0;1;0;0;0;1;0;1;2;0;2;0;0;1;0;3
50;0;0;0;0;1;0;0;0;1;0;1;2;0;3;0;0;1;3
51;0;0;0;0;0;0;0;0;0;0;0;2;4;0;3;0;0;3
52;0;0;0;0;0;0;0;0;0;0;1;0;2;3;0;3;0;3
53;0;0;0;0;0;0;0;0;0;1;0;1;0;2;2;0;2;1
54;0;0;0;1;0;0;0;0;0;0;1;0;1;0;1;1;0;3
55;0;0;0;0;0;0;0;0;0;0;0;1;0;0;0;1;0;1
56;0;0;0;0;0;0;0;0;0;0;1;0;1;0;0;0;1;2
57;0;0;0;0;0;0;0;0;0;0;0;0;0;1;0;0;0;2
58;0;0;0;0;0;0;0;0;0;0;0;0;0;0;1;0;0;0
59;0;0;0;0;1;0;0;0;0;0;0;0;0;0;0;0;0;1
60;0;0;0;0;0;1;0;0;0;0;0;0;0;0;0;0;0;0
61;0;0;0;0;0;0;1;0;0;0;0;0;0;0;0;0;0;1
62;0;0;0;0;0;0;0;0;0;0;0;0;0;0;0;0;0;0
63;0;0;0;0;0;0;0;0;0;0;0;0;0;0;0;0;0;0
64;0;0;0;0;0;0;0;0;0;0;0;0;0;0;0;0;0;0
65;0;0;0;0;0;0;0;0;0;0;0;0;0;0;0;0;0;0
66;0;0;0;0;0;0;0;0;0;0;0;0;0;0;0;0;0;1
67;0;0;0;0;0;0;0;0;0;0;0;0;0;0;0;0;0;0
68;0;0;0;0;0;0;0;0;0;0;0;0;0;0;0;0;0;0
69;0;0;0;0;0;0;0;0;0;0;0;0;0;0;0;0;0;0
70;0;0;0;0;0;0;0;0;0;0;0;0;0;0;0;0;0;0
71;0;0;0;0;0;0;0;0;0;0;0;0;0;0;0;0;0;0
72;0;0;0;0;0;0;0;0;0;0;0;0;0;0;0;0;0;0
73;0;0;0;0;0;0;0;0;0;0;0;0;0;0;0;0;0;0
74;0;0;0;0;0;0;0;0;0;0;0;0;0;0;0;0;0;0
75;0;0;0;0;0;0;0;0;0;0;0;0;0;0;0;0;0;0
76;0;0;0;0;0;0;0;0;0;0;0;0;0;0;0;0;0;0
77;0;0;0;0;0;0;0;0;0;0;0;0;0;0;0;0;0;0
78;0;0;0;0;0;0;0;0;0;0;0;0;0;0;0;0;0;0
79;0;0;0;0;0;0;0;0;0;0;0;0;0;0;0;0;0;0
80;0;0;0;0;0;0;0;0;0;0;0;0;0;0;0;0;0;0
81;0;0;0;0;0;0;0;0;0;0;0;0;0;0;0;0;0;0
82;0;0;0;0;0;0;0;0;0;0;0;0;0;0;0;0;0;0
83;0;0;0;0;0;0;0;0;0;0;0;0;0;0;0;0;0;0
84;0;0;0;0;0;0;0;0;0;0;0;0;0;0;0;0;0;0
85;0;0;0;0;0;0;0;0;0;0;0;0;0;0;0;0;0;0
86;0;0;0;0;0;0;0;0;0;0;0;0;0;0;0;0;0;0
87;0;0;0;0;0;0;0;0;0;0;0;0;0;0;0;0;0;0
88;0;0;0;0;0;0;0;0;0;0;0;0;0;0;0;0;0;0
89;0;0;0;0;0;0;0;0;0;0;0;0;0;0;0;0;0;0
90;0;0;0;0;0;0;0;0;0;0;0;0;0;0;0;0;0;0
91;0;0;0;0;0;0;0;0;0;0;0;0;0;0;0;0;0;0
92;0;0;0;0;0;0;0;0;0;0;0;0;0;0;0;0;0;0
93;0;0;0;0;0;0;0;0;0;0;0;0;0;0;0;0;0;0
94;0;0;0;0;0;0;0;0;0;0;0;0;0;0;0;0;0;0
95;0;0;0;0;0;0;0;0;0;0;0;0;0;0;0;0;0;0
96;0;0;0;0;0;0;0;0;0;0;0;0;0;0;0;0;0;0
97;0;0;0;0;0;0;0;0;0;0;0;0;0;0;0;0;0;0
98;0;0;0;0;0;0;0;0;0;0;0;0;0;0;0;0;0;0
99;0;0;0;0;0;0;0;0;0;0;0;0;0;0;0;0;0;0
100 e oltre;0;0;0;0;0;0;0;0;0;0;0;0;0;0;0;0;0;0
Totale;8;6;16;17;17;16;32;45;62;72;86;103;126;143;154;159;188;593
Età/Anno;2002;2003;2004;2005;2006;2007;2008;2009;2010;2011;2012;2013;2014;2015;2016;2017;2018;2019
Età;Femmine
0;0;2;0;0;0;0;1;0;1;3;1;2;2;3;4;1;6;5
1;0;0;2;0;0;0;0;2;0;1;2;1;4;2;3;5;1;7
2;0;0;1;2;0;0;0;0;2;0;2;2;2;3;2;2;7;2
3;0;0;0;1;2;0;1;1;1;2;0;2;2;2;3;2;2;5
4;0;0;0;0;1;2;0;1;0;2;2;0;2;2;2;3;1;2
5;0;1;0;0;0;1;3;0;1;0;2;2;0;2;2;2;3;1
6;0;0;0;0;0;0;2;3;0;0;0;3;1;1;2;2;2;1
7;0;0;0;0;0;0;0;4;3;0;1;0;3;1;1;2;2;2
8;0;0;0;0;0;0;0;0;4;3;0;1;0;3;1;1;2;3
9;1;0;0;0;0;0;0;0;0;3;3;0;1;0;2;0;0;2
10;1;0;0;0;0;0;0;0;1;0;4;3;1;1;0;2;0;0
11;0;1;0;0;0;0;0;1;1;1;0;5;3;1;1;0;2;1
12;0;0;0;0;0;0;0;0;1;1;1;0;6;3;0;1;0;2
13;0;0;0;0;0;0;0;0;1;1;1;1;0;5;2;0;1;0
14;0;0;0;0;0;0;0;0;0;1;1;1;1;0;4;2;0;1
15;0;0;0;0;0;0;0;0;0;0;1;1;1;0;0;4;2;0
16;0;0;0;0;0;0;0;1;0;0;0;1;1;1;0;0;4;2
17;0;0;0;0;0;0;0;0;1;0;0;1;2;1;1;0;0;4
18;0;0;0;0;0;0;0;0;1;1;1;0;1;3;0;0;0;0
19;0;0;0;0;0;0;0;0;0;1;1;1;0;3;2;1;3;6
20;0;0;0;0;1;0;2;1;0;0;1;1;1;1;3;0;1;6
21;0;0;1;0;0;0;1;3;1;0;0;2;2;3;4;3;1;3
22;0;1;1;1;0;0;3;1;3;1;0;0;6;2;3;4;4;6
23;0;1;1;0;1;0;1;4;1;3;1;0;0;6;2;5;3;7
24;0;0;2;1;0;0;1;1;6;3;3;1;0;0;4;2;5;4
25;0;0;0;2;0;0;1;2;2;5;5;3;0;2;1;4;2;8
26;0;0;1;0;2;0;1;1;2;2;6;5;3;3;2;3;5;5
27;0;0;0;2;0;2;3;1;1;2;3;6;5;5;2;2;3;4
28;1;0;0;2;2;0;5;4;3;3;2;3;4;5;7;1;2;1
29;0;1;0;0;2;3;0;4;4;1;4;2;1;4;5;5;1;3
30;0;1;1;1;0;2;2;1;4;5;1;5;2;4;4;4;3;1
31;0;1;3;0;1;0;2;3;1;3;6;0;5;2;4;2;4;3
32;1;1;1;2;0;1;0;3;3;1;3;6;0;5;3;4;2;6
33;2;1;1;0;2;0;1;1;3;3;1;2;6;1;5;2;4;2
34;1;1;1;0;0;2;0;1;2;2;3;1;2;7;2;5;2;2
35;2;1;1;1;0;0;1;1;1;2;1;3;1;3;6;1;5;3
36;0;2;2;1;0;0;2;3;3;1;2;1;3;1;3;4;1;6
37;1;0;1;2;1;1;0;3;3;3;2;2;1;3;1;3;4;1
38;0;1;0;1;2;1;0;0;3;3;3;3;2;0;2;1;3;4
39;0;0;1;0;1;2;1;0;1;3;3;3;3;2;0;3;1;3
40;0;0;0;1;0;1;1;2;2;1;4;3;4;3;2;0;3;3
41;1;0;0;0;0;0;1;1;2;1;2;3;2;4;3;2;0;3
42;0;1;0;0;0;0;0;2;2;2;1;2;2;3;3;3;3;0
43;1;0;1;0;0;0;1;0;3;2;2;1;2;3;4;3;4;2
44;0;1;0;1;0;0;0;1;0;3;1;3;1;2;3;3;3;5
45;0;0;1;0;1;0;0;0;1;0;3;1;3;0;2;2;3;3
46;0;0;0;1;0;1;0;2;1;2;0;4;1;3;0;2;2;3
47;1;0;0;0;1;0;1;0;2;1;2;0;4;1;3;0;2;2
48;0;1;0;0;0;1;1;0;0;2;1;2;0;2;1;3;0;2
49;0;0;1;0;0;0;0;2;1;0;2;0;2;0;2;2;3;0
50;0;1;0;1;0;0;1;0;4;1;0;2;1;2;0;1;2;2
51;0;0;0;0;1;0;0;1;1;5;1;0;2;3;2;0;1;2
52;0;0;0;0;0;1;1;0;1;1;4;1;0;2;3;0;0;1
53;0;0;0;0;0;0;1;1;0;1;1;3;1;0;2;3;0;0
54;0;0;0;0;0;0;0;1;1;0;1;1;3;1;0;2;3;0
55;1;0;0;0;0;0;0;0;1;1;0;1;1;1;1;0;2;3
56;0;1;0;0;0;0;0;0;1;1;1;0;1;2;1;1;0;2
57;0;0;1;0;0;0;0;0;1;1;1;1;0;1;1;1;1;0
58;0;0;0;1;0;0;0;0;0;1;1;1;1;0;1;1;1;1
59;0;0;0;0;1;0;0;1;0;0;1;1;1;1;0;1;2;1
60;0;0;0;0;0;1;0;0;1;0;0;1;1;1;1;0;2;3
61;0;0;0;0;0;0;1;1;0;1;0;0;1;1;0;1;0;2
62;0;0;0;0;0;0;0;1;1;0;1;0;0;1;1;0;1;0
63;0;0;0;0;0;0;0;0;1;1;0;1;0;0;0;1;0;1
64;0;0;0;0;0;0;0;0;0;1;1;0;1;0;0;0;1;0
65;0;0;0;0;0;0;0;0;0;0;1;1;0;1;0;0;0;1
66;0;0;0;0;0;0;0;0;0;0;0;1;1;0;1;0;0;0
67;0;0;0;0;0;0;0;0;0;0;0;0;1;1;0;1;0;0
68;0;0;0;0;0;0;0;0;0;0;0;0;0;1;1;0;1;0
69;0;0;0;0;0;0;0;0;0;0;0;0;0;0;1;1;0;1
70;0;0;0;0;0;0;0;0;0;0;0;0;0;0;0;1;1;0
71;0;0;0;0;0;0;0;0;0;0;0;0;0;0;0;0;1;1
72;0;0;0;0;0;0;0;0;0;0;0;0;0;0;0;0;0;1
73;0;1;0;0;0;0;0;0;0;0;0;0;0;0;0;0;0;0
74;0;0;1;0;0;0;0;0;0;0;0;0;0;0;0;0;0;0
75;0;0;0;1;0;0;0;0;0;0;0;0;0;0;0;0;0;0
76;0;0;0;0;0;0;0;0;0;0;0;0;0;0;0;0;0;0
77;0;0;0;0;0;0;0;0;0;0;0;0;0;0;0;0;0;0
78;0;0;0;0;0;0;0;0;0;0;0;0;0;0;0;0;0;0
79;0;0;0;0;0;0;0;0;0;0;0;0;0;1;0;0;0;0
80;0;0;0;0;0;0;0;0;0;0;0;0;0;0;1;0;0;0
81;0;0;0;0;0;0;0;0;0;0;0;0;0;0;0;1;0;0
82;0;0;0;0;0;0;0;0;0;0;0;0;0;0;0;0;1;0
83;0;0;0;0;0;0;0;0;0;0;0;0;0;0;0;0;0;1
84;0;0;0;0;0;0;0;0;0;0;0;0;0;0;0;0;0;0
85;0;0;0;0;0;0;0;0;0;0;0;0;0;0;0;0;0;0
86;0;0;0;0;0;0;0;0;0;0;0;0;0;0;0;0;0;0
87;0;0;0;0;0;0;0;0;0;0;0;0;0;0;0;0;0;0
88;0;0;0;0;0;0;0;0;0;0;0;0;0;0;0;0;0;0
89;0;0;0;0;0;0;0;0;0;0;0;0;0;0;0;0;0;0
90;0;0;0;0;0;0;0;0;0;0;0;0;0;0;0;0;0;0
91;0;0;0;0;0;0;0;0;0;0;0;0;0;0;0;0;0;0
92;0;0;0;0;0;0;0;0;0;0;0;0;0;0;0;0;0;0
93;0;0;0;0;0;0;0;0;0;0;0;0;0;0;0;0;0;0
94;0;0;0;0;0;0;0;0;0;0;0;0;0;0;0;0;0;0
95;0;0;0;0;0;0;0;0;0;0;0;0;0;0;0;0;0;0
96;0;0;0;0;0;0;0;0;0;0;0;0;0;0;0;0;0;0
97;0;0;0;0;0;0;0;0;0;0;0;0;0;0;0;0;0;0
98;0;0;0;0;0;0;0;0;0;0;0;0;0;0;0;0;0;0
99;0;0;0;0;0;0;0;0;0;0;0;0;0;0;0;0;0;0
100 e oltre;0;0;0;0;0;0;0;0;0;0;0;0;0;0;0;0;0;0
Totale;14;22;26;25;22;22;43;67;92;95;105;110;117;137;135;124;137;170
