"Popolazione per età, vista per singola area - Comune: 110001 - Andria"

"Ricostruzione della popolazione intercensuaria - Popolazione al 1° gennaio per età"
"Tutte le cittadinanze - Comune: Andria"
Età/Anno;2002;2003;2004;2005;2006;2007;2008;2009;2010;2011;2012;2013;2014;2015;2016;2017;2018;2019
Età;Totale
0;1194;1255;1187;1151;1162;1052;1086;1083;1118;1077;1045;923;980;915;825;848;816;763
1;1243;1195;1253;1184;1155;1157;1052;1087;1083;1126;1070;1042;924;983;912;833;848;813
2;1286;1241;1200;1255;1188;1148;1165;1059;1081;1087;1120;1071;1032;926;974;916;823;844
3;1211;1291;1246;1199;1252;1186;1148;1169;1063;1083;1093;1123;1077;1030;922;974;908;826
4;1237;1208;1294;1246;1198;1246;1189;1144;1166;1076;1083;1088;1123;1069;1032;915;973;901
5;1182;1235;1208;1292;1244;1196;1245;1188;1139;1168;1083;1083;1081;1117;1063;1019;907;975
6;1194;1182;1237;1209;1294;1243;1204;1247;1186;1153;1162;1076;1083;1078;1112;1059;1017;906
7;1271;1196;1183;1239;1210;1293;1246;1208;1253;1190;1152;1164;1068;1081;1078;1111;1050;1014
8;1258;1270;1195;1187;1243;1203;1291;1250;1209;1261;1190;1149;1165;1068;1072;1073;1110;1045
9;1304;1261;1269;1199;1193;1244;1202;1296;1256;1210;1260;1190;1143;1161;1066;1060;1063;1100
10;1338;1303;1258;1272;1201;1192;1252;1202;1296;1262;1210;1254;1186;1142;1153;1063;1057;1060
11;1280;1341;1301;1257;1274;1207;1199;1249;1202;1301;1262;1209;1251;1189;1137;1157;1057;1056
12;1279;1276;1339;1302;1259;1273;1214;1208;1253;1210;1299;1257;1207;1252;1189;1135;1150;1051
13;1296;1287;1281;1341;1307;1254;1278;1215;1211;1263;1214;1298;1249;1204;1247;1185;1130;1146
14;1262;1296;1285;1281;1342;1308;1258;1282;1216;1218;1267;1205;1289;1248;1203;1241;1180;1132
15;1321;1263;1298;1285;1278;1341;1315;1263;1280;1218;1218;1260;1198;1285;1250;1203;1236;1173
16;1264;1320;1264;1302;1287;1272;1346;1322;1265;1288;1219;1219;1255;1197;1283;1249;1202;1234
17;1401;1263;1321;1270;1302;1286;1273;1346;1321;1268;1291;1215;1215;1257;1195;1282;1243;1202
18;1306;1404;1259;1324;1273;1306;1289;1276;1345;1328;1269;1293;1217;1225;1253;1198;1293;1239
19;1426;1305;1404;1255;1326;1277;1314;1288;1281;1355;1335;1270;1290;1216;1217;1251;1206;1300
20;1436;1422;1301;1402;1257;1319;1285;1308;1283;1283;1356;1337;1267;1286;1212;1211;1241;1206
21;1469;1434;1419;1295;1405;1250;1334;1288;1303;1294;1279;1352;1325;1273;1285;1212;1208;1250
22;1517;1467;1432;1416;1295;1396;1256;1335;1290;1306;1295;1283;1351;1317;1274;1279;1193;1195
23;1581;1506;1467;1422;1404;1295;1391;1254;1335;1295;1302;1300;1275;1358;1313;1271;1259;1186
24;1595;1571;1491;1468;1413;1399;1299;1384;1248;1350;1297;1302;1286;1276;1353;1300;1247;1244
25;1666;1586;1566;1479;1455;1407;1412;1286;1383;1250;1347;1283;1289;1290;1267;1329;1277;1231
26;1656;1659;1582;1562;1475;1438;1401;1403;1279;1383;1246;1338;1267;1286;1285;1260;1281;1250
27;1712;1640;1651;1573;1555;1465;1445;1403;1397;1268;1384;1240;1310;1258;1272;1269;1239;1275
28;1630;1705;1637;1641;1575;1539;1480;1445;1388;1401;1266;1359;1217;1291;1250;1256;1245;1221
29;1581;1626;1703;1646;1628;1555;1534;1463;1420;1382;1386;1254;1332;1204;1284;1234;1240;1230
30;1726;1568;1616;1691;1627;1628;1574;1535;1451;1414;1375;1361;1237;1316;1191;1282;1201;1228
31;1687;1715;1573;1598;1680;1626;1638;1577;1531;1443;1414;1379;1338;1224;1299;1177;1268;1200
32;1674;1667;1719;1563;1592;1667;1650;1630;1569;1535;1432;1406;1352;1329;1217;1275;1153;1257
33;1569;1673;1658;1704;1569;1589;1675;1642;1629;1579;1524;1428;1380;1329;1314;1199;1254;1140
34;1602;1565;1685;1657;1704;1552;1597;1670;1642;1625;1576;1502;1426;1376;1322;1304;1176;1237
35;1578;1600;1564;1679;1656;1681;1567;1589;1669;1644;1621;1565;1490;1414;1372;1316;1280;1164
36;1457;1568;1601;1566;1674;1642;1686;1561;1595;1672;1637;1617;1553;1488;1398;1353;1310;1276
37;1595;1462;1567;1599;1562;1673;1654;1690;1558;1601;1672;1622;1610;1544;1481;1392;1338;1301
38;1403;1596;1468;1567;1603;1556;1692;1654;1697;1561;1596;1668;1616;1598;1542;1467;1386;1327
39;1460;1400;1596;1467;1565;1606;1578;1696;1663;1694;1558;1595;1663;1616;1589;1527;1459;1381
40;1480;1460;1400;1589;1466;1566;1630;1586;1691;1672;1687;1553;1586;1656;1604;1584;1510;1451
41;1298;1472;1461;1400;1593;1458;1568;1630;1589;1694;1670;1691;1550;1583;1659;1602;1569;1503
42;1322;1302;1474;1463;1391;1595;1462;1573;1633;1599;1690;1666;1679;1542;1584;1658;1591;1558
43;1268;1329;1298;1470;1454;1385;1600;1456;1570;1639;1598;1691;1661;1676;1530;1574;1645;1586
44;1231;1267;1333;1296;1468;1447;1396;1597;1458;1570;1630;1603;1687;1668;1671;1525;1565;1633
45;1160;1230;1267;1331;1297;1464;1451;1395;1591;1455;1566;1628;1598;1679;1664;1652;1512;1559
46;1098;1157;1236;1262;1328;1293;1472;1452;1392;1592;1455;1563;1629;1591;1677;1666;1645;1507
47;1099;1096;1158;1242;1264;1322;1298;1469;1444;1395;1596;1457;1562;1624;1579;1668;1652;1643
48;1032;1099;1092;1156;1248;1261;1327;1294;1454;1449;1395;1590;1451;1557;1617;1570;1667;1636
49;1081;1032;1094;1093;1153;1249;1264;1323;1287;1450;1441;1397;1581;1446;1547;1606;1561;1655
50;1074;1076;1036;1093;1097;1150;1257;1264;1316;1281;1445;1431;1399;1575;1443;1542;1601;1558
51;1089;1072;1074;1039;1090;1088;1150;1258;1268;1314;1274;1444;1429;1389;1569;1439;1536;1590
52;1146;1087;1070;1069;1033;1087;1096;1145;1256;1271;1316;1262;1432;1420;1381;1561;1427;1526
53;1214;1137;1088;1060;1069;1028;1082;1092;1145;1260;1267;1312;1266;1427;1413;1368;1554;1418
54;1041;1213;1130;1088;1058;1061;1032;1081;1091;1144;1264;1260;1306;1269;1420;1404;1356;1546
55;1129;1039;1214;1125;1085;1054;1057;1027;1072;1085;1140;1255;1251;1302;1261;1413;1389;1349
56;881;1120;1039;1210;1127;1081;1058;1050;1018;1069;1082;1134;1250;1240;1295;1256;1406;1380
57;867;876;1117;1041;1212;1123;1068;1057;1041;1014;1063;1073;1129;1239;1237;1289;1247;1399
58;895;861;872;1116;1033;1205;1118;1068;1047;1036;1010;1060;1065;1129;1234;1234;1283;1238
59;878;892;859;873;1114;1028;1203;1113;1063;1040;1031;1007;1053;1059;1120;1226;1228;1272
60;878;874;886;860;870;1113;1022;1196;1106;1055;1039;1023;999;1057;1052;1115;1219;1221
61;925;872;870;883;851;865;1109;1026;1194;1108;1050;1032;1015;996;1044;1044;1105;1208
62;902;914;862;868;878;852;855;1110;1017;1179;1108;1046;1019;1009;982;1035;1038;1093
63;822;896;906;854;861;874;842;847;1099;1007;1172;1108;1039;1010;999;976;1028;1029
64;842;818;897;906;846;855;861;829;839;1104;1003;1167;1099;1024;1011;990;968;1014
65;723;833;807;896;905;832;844;855;824;832;1094;990;1158;1088;1017;1002;977;959
66;771;714;831;800;891;902;826;846;846;815;828;1084;981;1153;1080;995;991;965
67;749;757;709;822;787;881;888;813;841;833;809;815;1076;974;1137;1067;984;981
68;661;738;748;698;822;784;878;887;802;830;824;804;803;1065;964;1117;1055;974
69;718;654;739;731;683;817;779;877;870;796;820;814;792;783;1051;946;1097;1043
70;755;702;653;725;716;673;809;774;856;860;780;807;799;780;763;1036;937;1090
71;714;741;693;640;711;704;660;799;767;834;841;772;794;789;769;758;1017;926
72;562;704;723;677;630;696;685;655;779;758;817;824;758;782;772;761;747;1000
73;578;549;686;709;663;618;676;672;640;773;746;804;805;743;770;759;735;733
74;662;561;540;672;690;649;606;651;653;630;755;733;783;796;722;752;743;715
75;544;645;546;529;646;662;620;587;632;632;624;734;717;756;774;708;733;729
76;526;519;622;532;511;624;635;599;564;608;619;610;718;701;733;752;692;716
77;430;505;492;590;511;495;603;611;567;548;594;606;593;688;672;711;729;661
78;452;415;486;468;572;498;474;574;592;548;526;567;585;571;670;655;685;713
79;431;431;397;477;444;552;477;453;542;571;531;502;552;558;550;647;625;666
80;379;407;404;379;455;420;520;456;433;516;535;507;486;540;536;523;621;602
81;430;360;388;371;359;434;395;490;434;409;497;506;478;468;506;509;493;585
82;246;400;338;358;351;343;405;374;461;410;385;472;474;458;454;478;487;477
83;227;226;365;308;323;330;314;368;345;428;378;358;431;442;434;422;454;450
84;155;207;204;329;284;302;296;281;321;321;392;344;327;406;400;413;392;424
85;210;146;186;185;290;251;265;267;255;289;296;347;316;302;372;369;376;358
86;204;192;125;167;162;271;225;234;248;220;254;262;322;287;272;332;337;340
87;153;179;168;112;148;147;237;199;202;212;193;227;242;296;256;249;301;300
88;154;136;152;141;99;130;136;209;167;179;186;166;206;211;260;220;207;268
89;131;131;100;124;119;86;101;108;178;140;158;157;138;186;181;230;193;183
90;109;108;111;82;107;95;68;82;91;146;121;128;132;115;161;152;198;162
91;87;82;88;90;71;96;77;58;69;77;127;98;107;116;95;137;127;160
92;38;66;59;74;73;50;79;65;49;57;60;104;83;86;102;82;106;101
93;49;32;45;53;55;56;38;58;54;41;47;44;87;65;67;81;63;95
94;23;40;19;39;39;39;43;29;41;45;31;40;27;65;50;50;63;52
95;26;17;29;13;25;28;31;31;20;25;33;27;29;24;46;45;39;49
96;9;18;13;26;8;18;18;26;22;19;14;24;20;22;17;34;36;29
97;8;4;13;4;21;7;15;10;19;16;15;9;20;11;14;11;18;30
98;5;5;2;8;2;13;3;12;7;14;12;8;7;14;9;12;7;11
99;4;5;1;2;4;2;8;0;7;2;7;8;4;4;10;7;10;4
100 e oltre;6;3;5;6;4;6;6;12;7;6;6;10;10;8;5;9;9;10
Totale;95728;96245;96798;97269;97749;97982;98732;99155;99440;100044;100352;100345;100212;100236;99987;99713;99110;98712
Età/Anno;2002;2003;2004;2005;2006;2007;2008;2009;2010;2011;2012;2013;2014;2015;2016;2017;2018;2019
Età;Maschi
0;601;628;619;575;633;555;560;547;556;557;534;479;498;468;442;446;413;403
1;615;602;625;618;578;630;554;559;545;559;553;534;485;506;466;446;442;410
2;671;613;605;627;620;576;634;559;557;550;555;555;532;481;500;469;440;441
3;634;679;614;605;626;620;573;636;560;561;557;559;558;528;476;504;468;448
4;661;632;680;615;603;622;622;572;635;560;560;552;559;554;531;471;506;467
5;618;660;632;679;611;604;622;621;568;634;562;558;546;555;551;527;465;505
6;640;619;664;631;682;611;609;626;621;575;628;555;557;542;555;548;523;464
7;660;641;620;666;631;684;612;612;627;621;572;630;552;556;545;555;541;523
8;638;658;639;622;669;626;685;613;611;631;623;571;628;554;549;544;555;538
9;680;636;656;642;622;667;624;688;619;613;631;625;568;624;551;540;542;549
10;699;678;634;657;644;622;671;624;689;624;615;629;622;568;622;552;540;538
11;648;700;677;635;656;647;625;670;624;693;626;615;626;623;566;623;549;537
12;660;648;699;677;636;652;653;626;674;628;693;626;613;627;623;566;619;544
13;663;661;650;698;680;634;656;653;628;675;628;692;621;612;625;621;564;620
14;641;664;660;646;699;680;634;657;652;633;674;622;684;622;612;623;620;566
15;682;641;666;660;643;697;683;637;654;651;632;671;620;684;625;613;619;617
16;646;683;641;669;660;641;700;685;637;656;655;634;667;621;683;623;613;619
17;677;647;682;643;668;658;639;700;686;639;655;651;630;667;620;680;620;615
18;687;678;644;682;644;667;659;637;699;690;639;655;648;642;665;625;690;619
19;698;686;678;643;681;647;669;658;639;703;692;641;652;649;636;669;632;693
20;713;694;682;674;642;676;651;666;656;642;706;694;638;648;645;631;662;635
21;736;715;692;681;669;636;682;651;665;663;637;704;684;639;651;646;630;677
22;764;735;713;693;680;666;639;681;652;671;659;639;701;679;635;649;638;623
23;817;761;737;705;686;676;658;636;684;649;666;665;638;703;674;632;635;631
24;830;811;754;740;700;683;676;654;633;688;652;668;661;640;701;669;619;629
25;833;829;811;744;729;692;687;670;649;632;684;644;655;666;639;682;657;614
26;840;827;824;808;741;717;691;685;666;644;628;677;634;648;663;643;655;652
27;836;834;815;820;804;739;720;685;681;657;641;622;657;626;641;655;626;647
28;787;830;830;813;817;791;740;713;674;687;654;628;608;641;625;638;645;617
29;794;783;828;839;802;803;797;728;702;676;679;647;615;596;636;618;627;639
30;891;788;779;820;831;804;810;796;728;701;669;661;636;601;598;637;594;620
31;819;882;795;773;821;829;801;812;797;724;699;670;649;629;600;590;630;594
32;793;808;888;796;768;816;836;788;803;795;718;690;662;642;625;591;578;632
33;824;786;799;877;800;766;820;826;783;810;783;711;681;651;631;614;579;573
34;800;819;795;795;878;789;761;821;825;775;806;771;710;682;646;621;599;578
35;761;800;819;789;796;868;797;755;817;829;775;799;771;703;686;645;610;597
36;721;756;799;822;784;791;874;795;759;816;825;773;791;773;694;677;640;612
37;759;725;752;795;824;786;795;875;795;762;814;818;771;783;771;694;664;638
38;703;763;727;751;795;817;798;795;873;793;765;811;820;767;784;763;697;657
39;753;699;762;729;755;794;827;795;795;866;791;765;814;821;763;777;759;692
40;692;753;698;754;725;756;807;831;788;804;865;790;763;811;816;756;768;754
41;639;688;752;699;756;721;755;804;831;793;802;868;786;764;811;811;751;766
42;666;639;690;754;693;758;721;758;803;832;791;802;860;780;768;810;804;745
43;611;670;639;689;750;688;753;717;753;807;834;796;801;862;773;762;802;798
44;631;610;674;641;688;746;691;750;720;756;798;836;796;803;861;771;761;797
45;574;629;610;673;642;688;742;690;745;719;754;797;835;788;802;848;765;758
46;528;570;632;605;670;638;692;738;687;746;717;751;796;830;784;804;844;763
47;538;526;570;634;608;666;638;691;733;687;739;716;754;796;823;783;800;842
48;521;538;523;569;639;606;668;636;686;735;684;736;711;754;791;818;781;787
49;536;519;535;523;568;637;611;664;633;683;730;687;734;711;748;786;815;773
50;523;532;522;534;527;568;637;610;657;636;678;727;689;729;709;747;784;815
51;542;521;530;522;533;524;566;637;610;652;634;677;725;681;732;710;740;777
52;575;540;519;527;522;533;527;567;639;609;653;623;673;717;677;729;702;734
53;610;567;541;513;527;520;531;522;568;641;607;651;624;669;716;670;725;698
54;535;608;561;540;513;523;519;530;522;565;643;602;646;626;666;712;666;722
55;567;533;606;558;539;511;520;516;527;519;561;641;599;644;622;668;703;665
56;445;560;535;602;558;534;511;516;511;526;518;556;640;597;639;619;663;697
57;455;445;556;540;602;556;526;508;511;511;527;513;553;632;594;634;615;659
58;457;454;445;554;536;599;552;525;501;506;511;526;507;553;627;592;633;613
59;403;458;454;445;551;534;595;549;524;497;503;507;522;505;547;621;589;628
60;422;402;455;455;443;551;530;588;543;516;496;499;502;523;503;543;616;583
61;452;419;401;452;448;441;547;530;587;543;514;495;497;499;515;502;538;609
62;432;446;413;399;450;449;435;546;525;578;542;511;488;494;488;511;499;531
63;404;427;442;405;396;449;439;430;537;519;573;542;507;484;488;485;506;497
64;410;402;424;443;401;394;439;432;428;537;516;571;537;500;484;482;480;499
65;335;402;397;423;444;393;385;435;428;425;532;509;568;525;498;479;478;475
66;356;328;400;392;420;443;390;387;429;424;423;526;500;563;520;484;471;469
67;331;352;324;394;385;415;436;381;385;421;421;417;521;493;555;516;474;465
68;300;325;345;319;391;383;415;435;377;382;413;418;407;512;484;545;510;469
69;330;293;327;335;313;384;379;415;424;376;377;405;410;393;503;474;535;503
70;335;322;291;319;328;307;376;376;405;416;368;372;399;400;383;499;466;532
71;307;327;317;282;311;323;301;368;370;394;401;364;362;391;390;376;490;462
72;267;302;317;311;272;300;314;296;355;364;387;390;356;355;381;384;367;482
73;254;263;295;310;307;262;286;305;287;347;355;380;380;349;347;376;369;357
74;321;243;259;290;305;300;254;271;297;280;336;346;369;377;337;335;369;359
75;244;311;233;251;277;289;284;244;263;283;276;321;336;351;368;329;328;360
76;233;228;294;228;240;264;273;273;235;252;276;271;315;321;341;352;321;316
77;189;222;215;273;217;230;253;261;255;226;245;269;266;305;303;329;339;306
78;172;178;208;207;266;211;219;239;250;244;213;230;258;255;296;293;314;330
79;172;162;169;204;195;252;200;205;224;233;232;200;224;247;241;283;276;303
80;151;159;149;159;189;188;231;188;191;212;215;221;188;215;238;221;267;265
81;177;141;149;136;150;176;174;218;175;179;203;206;207;178;196;221;209;249
82;91;159;130;141;125;142;159;162;202;165;166;194;191;198;170;186;212;196
83;80;82;141;113;121;118;130;141;148;192;147;153;173;172;184;156;174;198
84;62;71;71;118;103;110;102;113;120;131;174;128;139;159;153;177;146;159
85;79;57;61;61;105;86;100;85;101;105;114;146;116;126;142;137;164;137
86;75;72;50;53;54;99;75;87;78;86;90;98;132;99;111;120;126;151
87;54;66;61;44;48;47;81;63;72;66;76;79;89;120;85;100;105;112
88;53;50;54;48;36;42;43;70;57;66;57;62;70;73;105;71;81;91
89;41;48;37;41;39;32;34;32;61;47;59;49;47;65;62;95;62;73
90;38;36;38;30;37;27;27;29;24;49;44;49;39;38;50;49;80;54
91;34;27;30;28;27;31;18;23;24;19;41;32;39;33;33;39;42;56
92;14;25;21;26;22;17;25;15;18;18;16;34;25;32;27;26;29;31
93;12;10;20;22;20;19;10;20;11;16;16;9;26;18;26;21;17;25
94;10;10;6;18;14;12;12;8;14;10;11;12;4;19;12;18;16;15
95;7;10;6;4;11;12;8;10;3;11;7;10;6;2;13;12;13;11
96;3;6;8;6;2;7;8;5;8;3;6;6;8;5;1;9;10;10
97;0;2;5;3;4;1;4;3;4;4;3;5;5;3;5;0;3;8
98;2;0;0;3;2;4;0;3;2;2;2;2;5;2;3;3;0;2
99;2;2;0;0;0;2;2;0;0;0;1;1;1;2;2;2;2;0
100 e oltre;1;0;2;2;0;0;1;2;3;1;1;1;1;0;0;2;3;4
Totale;47193;47446;47743;47978;48273;48397;48705;48860;48987;49299;49429;49446;49389;49369;49300;49210;48923;48818
Età/Anno;2002;2003;2004;2005;2006;2007;2008;2009;2010;2011;2012;2013;2014;2015;2016;2017;2018;2019
Età;Femmine
0;593;627;568;576;529;497;526;536;562;520;511;444;482;447;383;402;403;360
1;628;593;628;566;577;527;498;528;538;567;517;508;439;477;446;387;406;403
2;615;628;595;628;568;572;531;500;524;537;565;516;500;445;474;447;383;403
3;577;612;632;594;626;566;575;533;503;522;536;564;519;502;446;470;440;378
4;576;576;614;631;595;624;567;572;531;516;523;536;564;515;501;444;467;434
5;564;575;576;613;633;592;623;567;571;534;521;525;535;562;512;492;442;470
6;554;563;573;578;612;632;595;621;565;578;534;521;526;536;557;511;494;442
7;611;555;563;573;579;609;634;596;626;569;580;534;516;525;533;556;509;491
8;620;612;556;565;574;577;606;637;598;630;567;578;537;514;523;529;555;507
9;624;625;613;557;571;577;578;608;637;597;629;565;575;537;515;520;521;551
10;639;625;624;615;557;570;581;578;607;638;595;625;564;574;531;511;517;522
11;632;641;624;622;618;560;574;579;578;608;636;594;625;566;571;534;508;519
12;619;628;640;625;623;621;561;582;579;582;606;631;594;625;566;569;531;507
13;633;626;631;643;627;620;622;562;583;588;586;606;628;592;622;564;566;526
14;621;632;625;635;643;628;624;625;564;585;593;583;605;626;591;618;560;566
15;639;622;632;625;635;644;632;626;626;567;586;589;578;601;625;590;617;556
16;618;637;623;633;627;631;646;637;628;632;564;585;588;576;600;626;589;615
17;724;616;639;627;634;628;634;646;635;629;636;564;585;590;575;602;623;587
18;619;726;615;642;629;639;630;639;646;638;630;638;569;583;588;573;603;620
19;728;619;726;612;645;630;645;630;642;652;643;629;638;567;581;582;574;607
20;723;728;619;728;615;643;634;642;627;641;650;643;629;638;567;580;579;571
21;733;719;727;614;736;614;652;637;638;631;642;648;641;634;634;566;578;573
22;753;732;719;723;615;730;617;654;638;635;636;644;650;638;639;630;555;572
23;764;745;730;717;718;619;733;618;651;646;636;635;637;655;639;639;624;555
24;765;760;737;728;713;716;623;730;615;662;645;634;625;636;652;631;628;615
25;833;757;755;735;726;715;725;616;734;618;663;639;634;624;628;647;620;617
26;816;832;758;754;734;721;710;718;613;739;618;661;633;638;622;617;626;598
27;876;806;836;753;751;726;725;718;716;611;743;618;653;632;631;614;613;628
28;843;875;807;828;758;748;740;732;714;714;612;731;609;650;625;618;600;604
29;787;843;875;807;826;752;737;735;718;706;707;607;717;608;648;616;613;591
30;835;780;837;871;796;824;764;739;723;713;706;700;601;715;593;645;607;608
31;868;833;778;825;859;797;837;765;734;719;715;709;689;595;699;587;638;606
32;881;859;831;767;824;851;814;842;766;740;714;716;690;687;592;684;575;625
33;745;887;859;827;769;823;855;816;846;769;741;717;699;678;683;585;675;567
34;802;746;890;862;826;763;836;849;817;850;770;731;716;694;676;683;577;659
35;817;800;745;890;860;813;770;834;852;815;846;766;719;711;686;671;670;567
36;736;812;802;744;890;851;812;766;836;856;812;844;762;715;704;676;670;664
37;836;737;815;804;738;887;859;815;763;839;858;804;839;761;710;698;674;663
38;700;833;741;816;808;739;894;859;824;768;831;857;796;831;758;704;689;670
39;707;701;834;738;810;812;751;901;868;828;767;830;849;795;826;750;700;689
40;788;707;702;835;741;810;823;755;903;868;822;763;823;845;788;828;742;697
41;659;784;709;701;837;737;813;826;758;901;868;823;764;819;848;791;818;737
42;656;663;784;709;698;837;741;815;830;767;899;864;819;762;816;848;787;813
43;657;659;659;781;704;697;847;739;817;832;764;895;860;814;757;812;843;788
44;600;657;659;655;780;701;705;847;738;814;832;767;891;865;810;754;804;836
45;586;601;657;658;655;776;709;705;846;736;812;831;763;891;862;804;747;801
46;570;587;604;657;658;655;780;714;705;846;738;812;833;761;893;862;801;744
47;561;570;588;608;656;656;660;778;711;708;857;741;808;828;756;885;852;801
48;511;561;569;587;609;655;659;658;768;714;711;854;740;803;826;752;886;849
49;545;513;559;570;585;612;653;659;654;767;711;710;847;735;799;820;746;882
50;551;544;514;559;570;582;620;654;659;645;767;704;710;846;734;795;817;743
51;547;551;544;517;557;564;584;621;658;662;640;767;704;708;837;729;796;813
52;571;547;551;542;511;554;569;578;617;662;663;639;759;703;704;832;725;792
53;604;570;547;547;542;508;551;570;577;619;660;661;642;758;697;698;829;720
54;506;605;569;548;545;538;513;551;569;579;621;658;660;643;754;692;690;824
55;562;506;608;567;546;543;537;511;545;566;579;614;652;658;639;745;686;684
56;436;560;504;608;569;547;547;534;507;543;564;578;610;643;656;637;743;683
57;412;431;561;501;610;567;542;549;530;503;536;560;576;607;643;655;632;740
58;438;407;427;562;497;606;566;543;546;530;499;534;558;576;607;642;650;625
59;475;434;405;428;563;494;608;564;539;543;528;500;531;554;573;605;639;644
60;456;472;431;405;427;562;492;608;563;539;543;524;497;534;549;572;603;638
61;473;453;469;431;403;424;562;496;607;565;536;537;518;497;529;542;567;599
62;470;468;449;469;428;403;420;564;492;601;566;535;531;515;494;524;539;562
63;418;469;464;449;465;425;403;417;562;488;599;566;532;526;511;491;522;532
64;432;416;473;463;445;461;422;397;411;567;487;596;562;524;527;508;488;515
65;388;431;410;473;461;439;459;420;396;407;562;481;590;563;519;523;499;484
66;415;386;431;408;471;459;436;459;417;391;405;558;481;590;560;511;520;496
67;418;405;385;428;402;466;452;432;456;412;388;398;555;481;582;551;510;516
68;361;413;403;379;431;401;463;452;425;448;411;386;396;553;480;572;545;505
69;388;361;412;396;370;433;400;462;446;420;443;409;382;390;548;472;562;540
70;420;380;362;406;388;366;433;398;451;444;412;435;400;380;380;537;471;558
71;407;414;376;358;400;381;359;431;397;440;440;408;432;398;379;382;527;464
72;295;402;406;366;358;396;371;359;424;394;430;434;402;427;391;377;380;518
73;324;286;391;399;356;356;390;367;353;426;391;424;425;394;423;383;366;376
74;341;318;281;382;385;349;352;380;356;350;419;387;414;419;385;417;374;356
75;300;334;313;278;369;373;336;343;369;349;348;413;381;405;406;379;405;369
76;293;291;328;304;271;360;362;326;329;356;343;339;403;380;392;400;371;400
77;241;283;277;317;294;265;350;350;312;322;349;337;327;383;369;382;390;355
78;280;237;278;261;306;287;255;335;342;304;313;337;327;316;374;362;371;383
79;259;269;228;273;249;300;277;248;318;338;299;302;328;311;309;364;349;363
80;228;248;255;220;266;232;289;268;242;304;320;286;298;325;298;302;354;337
81;253;219;239;235;209;258;221;272;259;230;294;300;271;290;310;288;284;336
82;155;241;208;217;226;201;246;212;259;245;219;278;283;260;284;292;275;281
83;147;144;224;195;202;212;184;227;197;236;231;205;258;270;250;266;280;252
84;93;136;133;211;181;192;194;168;201;190;218;216;188;247;247;236;246;265
85;131;89;125;124;185;165;165;182;154;184;182;201;200;176;230;232;212;221
86;129;120;75;114;108;172;150;147;170;134;164;164;190;188;161;212;211;189
87;99;113;107;68;100;100;156;136;130;146;117;148;153;176;171;149;196;188
88;101;86;98;93;63;88;93;139;110;113;129;104;136;138;155;149;126;177
89;90;83;63;83;80;54;67;76;117;93;99;108;91;121;119;135;131;110
90;71;72;73;52;70;68;41;53;67;97;77;79;93;77;111;103;118;108
91;53;55;58;62;44;65;59;35;45;58;86;66;68;83;62;98;85;104
92;24;41;38;48;51;33;54;50;31;39;44;70;58;54;75;56;77;70
93;37;22;25;31;35;37;28;38;43;25;31;35;61;47;41;60;46;70
94;13;30;13;21;25;27;31;21;27;35;20;28;23;46;38;32;47;37
95;19;7;23;9;14;16;23;21;17;14;26;17;23;22;33;33;26;38
96;6;12;5;20;6;11;10;21;14;16;8;18;12;17;16;25;26;19
97;8;2;8;1;17;6;11;7;15;12;12;4;15;8;9;11;15;22
98;3;5;2;5;0;9;3;9;5;12;10;6;2;12;6;9;7;9
99;2;3;1;2;4;0;6;0;7;2;6;7;3;2;8;5;8;4
100 e oltre;5;3;3;4;4;6;5;10;4;5;5;9;9;8;5;7;6;6
Totale;48535;48799;49055;49291;49476;49585;50027;50295;50453;50745;50923;50899;50823;50867;50687;50503;50187;49894

"Ricostruzione della popolazione intercensuaria - Popolazione al 1° gennaio per età"
"Cittadinanza italiana - Comune: Andria"
Età/Anno;2002;2003;2004;2005;2006;2007;2008;2009;2010;2011;2012;2013;2014;2015;2016;2017;2018;2019
Età;Totale
0;1191;1252;1181;1149;1151;1047;1065;1059;1102;1055;1021;899;959;894;810;828;802;746
1;1243;1192;1250;1178;1153;1147;1043;1064;1057;1104;1046;1019;897;960;893;815;827;797
2;1282;1241;1197;1251;1182;1147;1150;1051;1058;1061;1100;1044;1011;900;953;896;808;821
3;1210;1286;1246;1196;1251;1180;1143;1152;1054;1056;1067;1100;1049;1007;893;957;892;811
4;1233;1206;1287;1246;1196;1245;1182;1140;1149;1064;1054;1060;1103;1044;1009;889;956;886
5;1179;1231;1206;1286;1244;1194;1241;1178;1135;1153;1070;1050;1054;1094;1041;996;883;957
6;1191;1180;1234;1206;1287;1243;1197;1242;1175;1143;1151;1065;1051;1050;1091;1039;996;879
7;1270;1192;1181;1236;1207;1286;1242;1198;1246;1177;1141;1149;1057;1048;1051;1093;1033;997
8;1252;1268;1191;1186;1241;1202;1282;1244;1199;1251;1175;1138;1151;1055;1045;1051;1093;1028
9;1301;1255;1266;1195;1191;1241;1199;1285;1249;1197;1248;1172;1131;1148;1051;1037;1043;1084
10;1336;1300;1253;1269;1198;1190;1246;1197;1284;1253;1196;1241;1168;1130;1143;1047;1037;1041
11;1280;1339;1298;1254;1272;1204;1189;1244;1198;1288;1253;1195;1238;1173;1125;1144;1044;1036
12;1276;1276;1336;1299;1256;1272;1207;1196;1247;1203;1284;1245;1193;1236;1170;1123;1137;1040
13;1294;1283;1281;1338;1304;1251;1272;1207;1197;1253;1205;1282;1240;1191;1232;1168;1118;1131
14;1260;1295;1282;1281;1338;1305;1252;1276;1208;1199;1258;1199;1274;1236;1191;1227;1164;1119
15;1320;1262;1296;1283;1278;1337;1306;1255;1274;1209;1195;1253;1195;1268;1237;1196;1220;1161
16;1264;1320;1263;1299;1285;1271;1337;1310;1255;1279;1208;1195;1248;1193;1267;1237;1192;1218
17;1401;1263;1321;1269;1298;1284;1270;1338;1309;1257;1281;1204;1192;1250;1191;1268;1229;1189
18;1305;1404;1259;1324;1272;1301;1282;1272;1338;1316;1259;1282;1207;1196;1246;1188;1267;1225
19;1425;1305;1404;1255;1326;1276;1301;1279;1277;1343;1319;1261;1282;1204;1193;1240;1186;1269
20;1435;1421;1301;1402;1257;1319;1278;1293;1271;1276;1340;1315;1257;1274;1199;1182;1230;1180
21;1469;1432;1418;1295;1400;1250;1317;1276;1286;1275;1267;1330;1304;1256;1268;1192;1176;1227
22;1514;1464;1426;1414;1294;1391;1241;1315;1270;1286;1271;1265;1329;1297;1245;1257;1174;1161
23;1580;1504;1461;1418;1404;1290;1379;1235;1309;1266;1277;1265;1252;1327;1284;1232;1238;1165
24;1594;1571;1490;1461;1412;1399;1280;1369;1224;1313;1261;1271;1255;1246;1318;1268;1216;1216
25;1664;1585;1561;1477;1454;1405;1391;1264;1361;1215;1305;1246;1259;1250;1232;1288;1249;1194
26;1652;1656;1578;1555;1471;1436;1379;1375;1252;1350;1208;1282;1233;1251;1237;1219;1250;1218
27;1705;1637;1647;1568;1549;1461;1428;1367;1363;1236;1347;1196;1250;1219;1236;1225;1207;1239
28;1624;1700;1630;1637;1568;1534;1448;1419;1346;1358;1226;1317;1179;1230;1207;1216;1199;1187
29;1576;1618;1695;1632;1624;1547;1515;1430;1391;1339;1338;1208;1292;1161;1215;1186;1198;1179
30;1720;1564;1606;1682;1613;1623;1547;1509;1414;1376;1323;1308;1188;1275;1150;1206;1161;1180
31;1679;1710;1560;1586;1669;1612;1614;1534;1505;1402;1373;1321;1281;1173;1252;1140;1196;1154
32;1667;1660;1711;1548;1582;1655;1614;1601;1521;1497;1390;1359;1296;1271;1163;1229;1116;1187
33;1561;1666;1648;1697;1552;1581;1645;1603;1597;1524;1487;1381;1338;1278;1255;1146;1212;1104
34;1591;1557;1677;1649;1699;1535;1574;1634;1599;1582;1517;1461;1377;1328;1268;1246;1131;1193
35;1573;1591;1553;1669;1646;1678;1533;1564;1629;1592;1580;1497;1449;1366;1325;1267;1233;1116
36;1450;1564;1587;1554;1668;1634;1675;1528;1567;1625;1582;1570;1485;1447;1351;1314;1265;1223
37;1591;1454;1558;1586;1549;1666;1633;1678;1525;1564;1623;1563;1566;1477;1438;1344;1299;1255
38;1398;1591;1457;1557;1589;1540;1665;1630;1680;1522;1558;1618;1559;1554;1475;1432;1337;1290
39;1455;1395;1589;1454;1551;1593;1543;1669;1633;1670;1518;1554;1606;1558;1544;1462;1423;1328
40;1472;1454;1392;1579;1454;1551;1600;1547;1663;1638;1659;1512;1547;1603;1548;1540;1454;1408
41;1293;1465;1450;1390;1583;1447;1545;1597;1547;1661;1635;1655;1508;1542;1603;1549;1534;1443
42;1314;1295;1467;1451;1383;1585;1444;1544;1600;1554;1657;1628;1646;1501;1538;1598;1543;1522
43;1266;1322;1290;1464;1446;1379;1579;1437;1538;1606;1552;1654;1623;1643;1489;1530;1588;1539
44;1230;1266;1326;1290;1461;1442;1378;1574;1436;1540;1600;1551;1648;1628;1637;1486;1522;1577
45;1159;1229;1265;1324;1290;1460;1437;1376;1570;1432;1537;1598;1549;1641;1625;1623;1478;1516
46;1096;1157;1234;1260;1321;1288;1455;1434;1372;1571;1431;1532;1596;1545;1636;1625;1615;1474
47;1097;1093;1155;1240;1262;1315;1286;1447;1425;1371;1570;1431;1534;1590;1535;1631;1613;1614
48;1029;1097;1088;1151;1245;1259;1317;1282;1433;1427;1369;1565;1426;1530;1588;1530;1628;1600
49;1079;1028;1094;1092;1148;1246;1255;1315;1275;1426;1421;1369;1557;1422;1521;1581;1523;1614
50;1071;1074;1031;1091;1096;1146;1248;1255;1309;1268;1420;1410;1370;1550;1419;1519;1577;1519
51;1088;1069;1070;1033;1089;1087;1140;1249;1255;1306;1259;1415;1404;1358;1543;1417;1513;1565
52;1144;1086;1067;1066;1027;1086;1090;1137;1249;1256;1306;1248;1405;1398;1351;1538;1408;1504
53;1213;1135;1084;1059;1065;1023;1080;1086;1135;1252;1251;1301;1251;1399;1393;1340;1531;1400
54;1040;1212;1128;1083;1057;1057;1025;1077;1084;1131;1253;1245;1298;1254;1394;1384;1332;1525
55;1129;1038;1212;1123;1080;1053;1052;1021;1070;1079;1128;1244;1240;1295;1247;1389;1371;1329
56;880;1120;1038;1208;1125;1075;1053;1047;1011;1065;1078;1121;1240;1230;1288;1243;1383;1363
57;866;875;1117;1040;1208;1121;1062;1051;1038;1008;1061;1068;1115;1230;1226;1278;1235;1377
58;894;860;872;1116;1032;1201;1115;1060;1043;1033;1006;1058;1061;1114;1223;1224;1273;1226
59;878;891;858;873;1114;1027;1198;1110;1057;1036;1028;1002;1051;1055;1104;1215;1217;1264
60;878;874;885;858;870;1113;1020;1192;1104;1049;1035;1021;993;1054;1047;1097;1209;1208
61;925;872;870;882;848;865;1109;1024;1190;1104;1044;1028;1013;992;1041;1038;1090;1199
62;901;914;862;868;877;851;854;1110;1015;1176;1103;1039;1016;1007;979;1032;1032;1078
63;821;895;906;854;861;873;841;847;1099;1005;1170;1103;1035;1007;997;973;1024;1024
64;839;817;896;906;846;855;859;828;839;1102;1001;1165;1093;1020;1007;988;965;1011
65;723;831;806;895;905;832;844;852;823;832;1092;987;1157;1082;1013;999;975;956
66;770;714;829;799;890;902;825;846;843;814;828;1082;978;1150;1075;994;988;963
67;748;756;709;821;786;880;888;812;841;831;808;815;1074;971;1134;1063;982;978
68;659;737;747;698;821;783;876;887;801;830;821;803;803;1063;962;1114;1052;972
69;718;652;737;730;683;816;778;875;870;795;820;811;791;783;1049;945;1093;1040
70;753;702;651;724;715;673;808;773;856;860;779;807;797;779;763;1034;937;1086
71;714;740;693;638;710;704;660;797;766;834;841;771;794;787;768;757;1015;926
72;561;704;723;677;628;695;685;655;777;757;817;824;757;782;770;760;746;998
73;578;548;686;709;663;616;675;672;640;771;745;804;805;742;770;757;734;732
74;662;561;539;672;689;649;604;650;653;630;753;732;783;796;721;752;741;714
75;544;645;546;528;646;661;620;585;631;632;624;732;716;756;774;708;733;727
76;526;519;622;532;510;624;634;599;563;607;619;610;717;700;733;752;692;716
77;430;505;492;590;511;493;603;610;567;547;593;606;593;688;671;711;729;661
78;452;415;486;468;572;498;472;574;591;548;525;566;585;571;670;654;685;713
79;431;431;397;477;444;552;476;451;542;570;531;501;551;558;550;647;624;666
80;379;407;404;379;455;420;520;455;433;516;534;507;485;539;536;523;621;601
81;430;360;388;371;359;434;395;490;433;409;497;505;478;468;505;509;493;585
82;246;400;338;358;351;343;405;374;461;409;385;472;473;458;454;477;487;477
83;226;226;365;308;323;330;314;368;345;428;377;358;431;441;434;422;453;449
84;155;206;204;329;284;302;295;281;321;321;392;343;327;406;399;413;392;423
85;210;146;185;185;290;251;265;266;255;289;296;347;315;302;372;368;376;358
86;204;192;125;166;162;271;225;234;247;220;254;262;322;286;272;332;336;340
87;153;179;168;112;147;147;237;199;202;211;193;227;242;296;255;249;301;299
88;154;136;152;141;99;129;136;209;167;179;185;166;206;211;260;219;207;268
89;131;131;100;124;119;86;101;108;178;140;158;156;138;186;181;230;192;183
90;109;108;111;82;107;95;68;82;91;146;121;128;131;115;161;152;198;161
91;87;82;88;90;71;96;77;58;69;77;127;98;107;115;95;137;127;160
92;38;66;59;74;73;50;79;65;49;57;60;104;83;86;101;82;106;101
93;49;32;45;53;55;56;38;58;54;41;47;44;87;65;67;80;63;95
94;23;40;19;39;39;39;43;29;41;45;31;40;27;65;50;50;62;52
95;26;17;29;13;25;28;31;31;20;25;33;27;29;24;46;45;39;48
96;9;18;13;26;8;18;18;26;22;19;14;24;20;22;17;34;36;29
97;8;4;13;4;21;7;15;10;19;16;15;9;20;11;14;11;18;30
98;5;5;2;8;2;13;3;12;7;14;12;8;7;14;9;12;7;11
99;4;5;1;2;4;2;8;0;7;2;7;8;4;4;10;7;10;4
100 e oltre;6;3;5;6;4;6;6;12;7;6;6;10;10;8;5;9;9;10
Totale;95534;96051;96519;96970;97440;97678;97874;98132;98303;98653;98836;98637;98517;98453;98139;97866;97354;96862
Età/Anno;2002;2003;2004;2005;2006;2007;2008;2009;2010;2011;2012;2013;2014;2015;2016;2017;2018;2019
Età;Maschi
0;600;625;616;574;627;552;550;537;548;546;523;462;489;459;432;437;407;397
1;615;601;622;615;578;625;549;549;534;549;541;523;466;494;457;436;433;404
2;669;613;604;623;617;576;626;554;547;540;545;541;521;465;490;459;432;431
3;634;676;614;605;625;617;571;626;555;547;544;547;542;517;458;495;458;439
4;659;632;675;615;603;621;618;569;624;554;546;540;549;538;519;455;497;457
5;618;659;632;675;611;603;620;616;565;624;556;544;533;544;537;515;450;496
6;638;619;663;631;677;611;605;622;616;569;621;551;543;530;544;534;513;450
7;660;638;620;665;631;679;612;605;623;616;566;620;548;542;534;545;529;516
8;635;657;636;622;669;626;679;613;605;625;617;565;620;549;539;535;545;526
9;679;633;654;639;622;667;623;680;618;606;624;616;561;618;546;533;533;538
10;697;677;632;654;641;622;670;622;680;621;607;622;612;561;617;547;532;531
11;648;698;676;633;654;644;621;669;623;684;621;607;619;615;558;618;546;529
12;659;648;696;676;634;651;647;622;671;626;682;618;605;618;614;557;614;542
13;661;660;650;695;679;632;652;647;623;672;625;680;614;605;617;614;556;614
14;640;663;659;646;696;679;631;653;647;626;672;621;673;614;606;617;614;557
15;682;641;664;659;643;694;677;633;650;646;623;671;620;671;617;609;611;612
16;646;683;641;666;659;641;695;678;631;651;648;624;667;621;670;617;606;610
17;677;647;682;643;665;657;639;695;679;631;650;644;623;667;620;669;614;606
18;686;678;644;682;644;665;655;637;695;683;632;651;643;627;665;620;668;612
19;697;686;678;643;681;647;664;653;639;697;683;636;650;643;624;664;617;669
20;712;694;682;674;642;676;649;660;650;640;698;682;632;645;638;616;656;616
21;736;713;691;681;669;636;676;648;657;653;634;691;673;630;644;633;613;660
22;763;732;708;691;680;666;632;674;645;664;648;633;690;669;619;636;625;604
23;816;761;732;702;686;676;654;626;674;639;659;644;630;688;656;608;624;616
24;829;811;754;735;699;683;668;648;621;672;636;655;642;625;685;651;603;610
25;833;828;808;744;729;691;677;660;642;615;665;627;643;641;620;662;641;591
26;839;827;821;805;741;717;679;669;652;635;611;650;620;636;632;617;642;633
27;835;834;815;816;803;739;711;669;661;640;631;599;630;610;629;625;608;631
28;784;830;830;812;813;791;728;701;654;659;633;614;589;612;602;620;614;596
29;792;781;826;834;801;799;788;715;689;654;649;621;603;576;601;590;606;604
30;887;788;773;817;826;804;795;781;715;683;643;629;609;587;579;599;573;597
31;817;878;790;764;818;824;793;791;781;706;679;640;617;600;579;574;593;569
32;789;807;884;789;762;814;823;779;779;776;701;668;632;609;591;570;563;592
33;818;782;795;872;792;760;809;811;771;785;767;689;661;625;597;579;561;559
34;794;813;792;791;874;783;749;808;807;757;780;752;689;657;620;588;570;557
35;756;795;810;785;790;865;783;745;802;806;756;767;750;683;659;620;581;565
36;716;752;790;812;781;786;865;781;747;798;801;750;756;751;675;655;618;577
37;756;721;747;787;813;783;786;866;783;744;798;792;748;751;746;673;643;612
38;698;759;720;746;788;806;785;783;864;778;746;793;794;743;754;740;673;636
39;750;694;759;721;746;788;809;783;782;854;776;744;793;796;738;747;737;666
40;688;749;692;750;718;748;792;810;777;789;850;774;744;793;791;735;745;729
41;637;684;746;693;752;715;745;787;810;779;786;850;770;743;792;788;733;740
42;659;637;686;746;687;753;712;747;789;812;778;785;846;763;744;791;784;728
43;610;663;637;687;744;683;747;709;744;794;814;779;784;847;756;737;785;777
44;630;610;667;640;685;741;682;743;711;747;788;813;780;786;844;754;739;778
45;573;628;608;667;640;687;736;680;739;710;746;787;814;773;786;834;750;735
46;526;570;630;603;663;637;687;731;678;739;709;742;786;812;769;788;831;747
47;536;523;570;632;606;659;633;684;727;676;732;708;746;786;804;769;785;830
48;519;536;520;569;636;604;661;631;679;728;672;729;702;746;785;802;766;776
49;535;517;535;523;567;634;604;660;628;675;724;673;727;703;739;780;800;758
50;520;531;520;532;527;567;635;603;654;630;670;719;674;720;701;738;777;799
51;542;519;529;520;532;524;565;636;603;649;627;668;715;664;722;702;733;769
52;574;540;516;526;519;532;527;566;637;603;649;616;664;709;661;721;695;727
53;610;566;539;512;526;517;530;522;567;639;600;646;617;660;708;656;717;692
54;535;608;559;538;512;522;517;529;522;564;640;595;643;619;658;704;654;714
55;567;533;606;556;537;510;520;514;526;519;560;638;595;641;615;659;697;655
56;444;560;535;602;556;532;509;516;509;524;518;555;637;594;636;613;654;691
57;454;444;556;540;602;554;524;506;511;509;525;512;552;629;592;632;609;650
58;457;453;445;554;536;599;549;523;500;506;509;524;506;552;624;590;631;607
59;403;458;453;445;551;534;595;546;522;496;503;505;520;504;545;618;586;625
60;422;402;455;454;443;551;530;588;541;514;495;499;499;520;502;542;613;580
61;452;419;401;452;447;441;547;530;587;540;512;493;497;498;512;501;537;606
62;432;446;413;399;450;449;435;546;525;578;539;508;487;494;487;508;498;530
63;403;427;442;405;396;449;439;430;537;519;573;539;506;483;488;484;503;496
64;410;401;424;443;401;394;439;432;428;537;516;571;535;499;482;482;479;497
65;335;402;396;423;444;393;385;435;428;425;532;509;568;523;497;478;478;474
66;356;328;400;391;420;443;389;387;429;424;423;526;500;561;519;484;470;469
67;330;352;324;394;384;415;436;380;385;421;421;417;521;493;553;515;474;464
68;298;324;345;319;391;382;415;435;376;382;413;418;407;512;484;543;509;469
69;330;291;325;335;313;384;378;415;424;375;377;405;410;393;503;474;533;502
70;335;322;289;318;328;307;376;375;405;416;367;372;399;400;383;499;466;530
71;307;327;317;280;310;323;301;368;369;394;401;363;362;391;390;376;490;462
72;267;302;317;311;270;299;314;296;355;363;387;390;355;355;381;384;367;482
73;254;263;295;310;307;260;285;305;287;347;354;380;380;348;347;376;369;357
74;321;243;259;290;305;300;252;270;297;280;336;345;369;377;336;335;369;359
75;244;311;233;251;277;289;284;242;262;283;276;321;335;351;368;329;328;360
76;233;228;294;228;240;264;273;273;234;251;276;271;315;320;341;352;321;316
77;189;222;215;273;217;230;253;261;255;225;244;269;266;305;302;329;339;306
78;172;178;208;207;266;211;219;239;250;244;212;229;258;255;296;292;314;330
79;172;162;169;204;195;252;200;205;224;233;232;199;223;247;241;283;275;303
80;151;159;149;159;189;188;231;188;191;212;215;221;187;214;238;221;267;264
81;177;141;149;136;150;176;174;218;175;179;203;206;207;178;195;221;209;249
82;91;159;130;141;125;142;159;162;202;165;166;194;191;198;170;185;212;196
83;80;82;141;113;121;118;130;141;148;192;147;153;173;172;184;156;173;198
84;62;71;71;118;103;110;102;113;120;131;174;128;139;159;153;177;146;158
85;79;57;61;61;105;86;100;85;101;105;114;146;116;126;142;137;164;137
86;75;72;50;53;54;99;75;87;78;86;90;98;132;99;111;120;126;151
87;54;66;61;44;48;47;81;63;72;66;76;79;89;120;85;100;105;112
88;53;50;54;48;36;42;43;70;57;66;57;62;70;73;105;71;81;91
89;41;48;37;41;39;32;34;32;61;47;59;49;47;65;62;95;62;73
90;38;36;38;30;37;27;27;29;24;49;44;49;39;38;50;49;80;54
91;34;27;30;28;27;31;18;23;24;19;41;32;39;33;33;39;42;56
92;14;25;21;26;22;17;25;15;18;18;16;34;25;32;27;26;29;31
93;12;10;20;22;20;19;10;20;11;16;16;9;26;18;26;21;17;25
94;10;10;6;18;14;12;12;8;14;10;11;12;4;19;12;18;16;15
95;7;10;6;4;11;12;8;10;3;11;7;10;6;2;13;12;13;11
96;3;6;8;6;2;7;8;5;8;3;6;6;8;5;1;9;10;10
97;0;2;5;3;4;1;4;3;4;4;3;5;5;3;5;0;3;8
98;2;0;0;3;2;4;0;3;2;2;2;2;5;2;3;3;0;2
99;2;2;0;0;0;2;2;0;0;0;1;1;1;2;2;2;2;0
100 e oltre;1;0;2;2;0;0;1;2;3;1;1;1;1;0;0;2;3;4
Totale;47087;47346;47594;47817;48118;48256;48327;48410;48496;48692;48772;48662;48623;48559;48429;48320;48082;47891
Età/Anno;2002;2003;2004;2005;2006;2007;2008;2009;2010;2011;2012;2013;2014;2015;2016;2017;2018;2019
Età;Femmine
0;591;627;565;575;524;495;515;522;554;509;498;437;470;435;378;391;395;349
1;628;591;628;563;575;522;494;515;523;555;505;496;431;466;436;379;394;393
2;613;628;593;628;565;571;524;497;511;521;555;503;490;435;463;437;376;390
3;576;610;632;591;626;563;572;526;499;509;523;553;507;490;435;462;434;372
4;574;574;612;631;593;624;564;571;525;510;508;520;554;506;490;434;459;429
5;561;572;574;611;633;591;621;562;570;529;514;506;521;550;504;481;433;461
6;553;561;571;575;610;632;592;620;559;574;530;514;508;520;547;505;483;429
7;610;554;561;571;576;607;630;593;623;561;575;529;509;506;517;548;504;481
8;617;611;555;564;572;576;603;631;594;626;558;573;531;506;506;516;548;502
9;622;622;612;556;569;574;576;605;631;591;624;556;570;530;505;504;510;546
10;639;623;621;615;557;568;576;575;604;632;589;619;556;569;526;500;505;510
11;632;641;622;621;618;560;568;575;575;604;632;588;619;558;567;526;498;507
12;617;628;640;623;622;621;560;574;576;577;602;627;588;618;556;566;523;498
13;633;623;631;643;625;619;620;560;574;581;580;602;626;586;615;554;562;517
14;620;632;623;635;642;626;621;623;561;573;586;578;601;622;585;610;550;562
15;638;621;632;624;635;643;629;622;624;563;572;582;575;597;620;587;609;549
16;618;637;622;633;626;630;642;632;624;628;560;571;581;572;597;620;586;608
17;724;616;639;626;633;627;631;643;630;626;631;560;569;583;571;599;615;583
18;619;726;615;642;628;636;627;635;643;633;627;631;564;569;581;568;599;613
19;728;619;726;612;645;629;637;626;638;646;636;625;632;561;569;576;569;600
20;723;727;619;728;615;643;629;633;621;636;642;633;625;629;561;566;574;564
21;733;719;727;614;731;614;641;628;629;622;633;639;631;626;624;559;563;567
22;751;732;718;723;614;725;609;641;625;622;623;632;639;628;626;621;549;557
23;764;743;729;716;718;614;725;609;635;627;618;621;622;639;628;624;614;549
24;765;760;736;726;713;716;612;721;603;641;625;616;613;621;633;617;613;606
25;831;757;753;733;725;714;714;604;719;600;640;619;616;609;612;626;608;603
26;813;829;757;750;730;719;700;706;600;715;597;632;613;615;605;602;608;585
27;870;803;832;752;746;722;717;698;702;596;716;597;620;609;607;600;599;608
28;840;870;800;825;755;743;720;718;692;699;593;703;590;618;605;596;585;591
29;784;837;869;798;823;748;727;715;702;685;689;587;689;585;614;596;592;575
30;833;776;833;865;787;819;752;728;699;693;680;679;579;688;571;607;588;583
31;862;832;770;822;851;788;821;743;724;696;694;681;664;573;673;566;603;585
32;878;853;827;759;820;841;791;822;742;721;689;691;664;662;572;659;553;595
33;743;884;853;825;760;821;836;792;826;739;720;692;677;653;658;567;651;545
34;797;744;885;858;825;752;825;826;792;825;737;709;688;671;648;658;561;636
35;817;796;743;884;856;813;750;819;827;786;824;730;699;683;666;647;652;551
36;734;812;797;742;887;848;810;747;820;827;781;820;729;696;676;659;647;646
37;835;733;811;799;736;883;847;812;742;820;825;771;818;726;692;671;656;643
38;700;832;737;811;801;734;880;847;816;744;812;825;765;811;721;692;664;654
39;705;701;830;733;805;805;734;886;851;816;742;810;813;762;806;715;686;662
40;784;705;700;829;736;803;808;737;886;849;809;738;803;810;757;805;709;679
41;656;781;704;697;831;732;800;810;737;882;849;805;738;799;811;761;801;703
42;655;658;781;705;696;832;732;797;811;742;879;843;800;738;794;807;759;794
43;656;659;653;777;702;696;832;728;794;812;738;875;839;796;733;793;803;762
44;600;656;659;650;776;701;696;831;725;793;812;738;868;842;793;732;783;799
45;586;601;657;657;650;773;701;696;831;722;791;811;735;868;839;789;728;781
46;570;587;604;657;658;651;768;703;694;832;722;790;810;733;867;837;784;727
47;561;570;585;608;656;656;653;763;698;695;838;723;788;804;731;862;828;784
48;510;561;568;582;609;655;656;651;754;699;697;836;724;784;803;728;862;824
49;544;511;559;569;581;612;651;655;647;751;697;696;830;719;782;801;723;856
50;551;543;511;559;569;579;613;652;655;638;750;691;696;830;718;781;800;720
51;546;550;541;513;557;563;575;613;652;657;632;747;689;694;821;715;780;796
52;570;546;551;540;508;554;563;571;612;653;657;632;741;689;690;817;713;777
53;603;569;545;547;539;506;550;564;568;613;651;655;634;739;685;684;814;708
54;505;604;569;545;545;535;508;548;562;567;613;650;655;635;736;680;678;811
55;562;505;606;567;543;543;532;507;544;560;568;606;645;654;632;730;674;674
56;436;560;503;606;569;543;544;531;502;541;560;566;603;636;652;630;729;672
57;412;431;561;500;606;567;538;545;527;499;536;556;563;601;634;646;626;727
58;437;407;427;562;496;602;566;537;543;527;497;534;555;562;599;634;642;619
59;475;433;405;428;563;493;603;564;535;540;525;497;531;551;559;597;631;639
60;456;472;430;404;427;562;490;604;563;535;540;522;494;534;545;555;596;628
61;473;453;469;430;401;424;562;494;603;564;532;535;516;494;529;537;553;593
62;469;468;449;469;427;402;419;564;490;598;564;531;529;513;492;524;534;548
63;418;468;464;449;465;424;402;417;562;486;597;564;529;524;509;489;521;528
64;429;416;472;463;445;461;420;396;411;565;485;594;558;521;525;506;486;514
65;388;429;410;472;461;439;459;417;395;407;560;478;589;559;516;521;497;482
66;414;386;429;408;470;459;436;459;414;390;405;556;478;589;556;510;518;494
67;418;404;385;427;402;465;452;432;456;410;387;398;553;478;581;548;508;514
68;361;413;402;379;430;401;461;452;425;448;408;385;396;551;478;571;543;503
69;388;361;412;395;370;432;400;460;446;420;443;406;381;390;546;471;560;538
70;418;380;362;406;387;366;432;398;451;444;412;435;398;379;380;535;471;556
71;407;413;376;358;400;381;359;429;397;440;440;408;432;396;378;381;525;464
72;294;402;406;366;358;396;371;359;422;394;430;434;402;427;389;376;379;516
73;324;285;391;399;356;356;390;367;353;424;391;424;425;394;423;381;365;375
74;341;318;280;382;384;349;352;380;356;350;417;387;414;419;385;417;372;355
75;300;334;313;277;369;372;336;343;369;349;348;411;381;405;406;379;405;367
76;293;291;328;304;270;360;361;326;329;356;343;339;402;380;392;400;371;400
77;241;283;277;317;294;263;350;349;312;322;349;337;327;383;369;382;390;355
78;280;237;278;261;306;287;253;335;341;304;313;337;327;316;374;362;371;383
79;259;269;228;273;249;300;276;246;318;337;299;302;328;311;309;364;349;363
80;228;248;255;220;266;232;289;267;242;304;319;286;298;325;298;302;354;337
81;253;219;239;235;209;258;221;272;258;230;294;299;271;290;310;288;284;336
82;155;241;208;217;226;201;246;212;259;244;219;278;282;260;284;292;275;281
83;146;144;224;195;202;212;184;227;197;236;230;205;258;269;250;266;280;251
84;93;135;133;211;181;192;193;168;201;190;218;215;188;247;246;236;246;265
85;131;89;124;124;185;165;165;181;154;184;182;201;199;176;230;231;212;221
86;129;120;75;113;108;172;150;147;169;134;164;164;190;187;161;212;210;189
87;99;113;107;68;99;100;156;136;130;145;117;148;153;176;170;149;196;187
88;101;86;98;93;63;87;93;139;110;113;128;104;136;138;155;148;126;177
89;90;83;63;83;80;54;67;76;117;93;99;107;91;121;119;135;130;110
90;71;72;73;52;70;68;41;53;67;97;77;79;92;77;111;103;118;107
91;53;55;58;62;44;65;59;35;45;58;86;66;68;82;62;98;85;104
92;24;41;38;48;51;33;54;50;31;39;44;70;58;54;74;56;77;70
93;37;22;25;31;35;37;28;38;43;25;31;35;61;47;41;59;46;70
94;13;30;13;21;25;27;31;21;27;35;20;28;23;46;38;32;46;37
95;19;7;23;9;14;16;23;21;17;14;26;17;23;22;33;33;26;37
96;6;12;5;20;6;11;10;21;14;16;8;18;12;17;16;25;26;19
97;8;2;8;1;17;6;11;7;15;12;12;4;15;8;9;11;15;22
98;3;5;2;5;0;9;3;9;5;12;10;6;2;12;6;9;7;9
99;2;3;1;2;4;0;6;0;7;2;6;7;3;2;8;5;8;4
100 e oltre;5;3;3;4;4;6;5;10;4;5;5;9;9;8;5;7;6;6
Totale;48447;48705;48925;49153;49322;49422;49547;49722;49807;49961;50064;49975;49894;49894;49710;49546;49272;48971

"Ricostruzione della popolazione intercensuaria - Popolazione al 1° gennaio per età"
"Cittadinanza straniera - Comune: Andria"
Età/Anno;2002;2003;2004;2005;2006;2007;2008;2009;2010;2011;2012;2013;2014;2015;2016;2017;2018;2019
Età;Totale
0;3;3;6;2;11;5;21;24;16;22;24;24;21;21;15;20;14;17
1;0;3;3;6;2;10;9;23;26;22;24;23;27;23;19;18;21;16
2;4;0;3;4;6;1;15;8;23;26;20;27;21;26;21;20;15;23
3;1;5;0;3;1;6;5;17;9;27;26;23;28;23;29;17;16;15
4;4;2;7;0;2;1;7;4;17;12;29;28;20;25;23;26;17;15
5;3;4;2;6;0;2;4;10;4;15;13;33;27;23;22;23;24;18
6;3;2;3;3;7;0;7;5;11;10;11;11;32;28;21;20;21;27
7;1;4;2;3;3;7;4;10;7;13;11;15;11;33;27;18;17;17
8;6;2;4;1;2;1;9;6;10;10;15;11;14;13;27;22;17;17
9;3;6;3;4;2;3;3;11;7;13;12;18;12;13;15;23;20;16
10;2;3;5;3;3;2;6;5;12;9;14;13;18;12;10;16;20;19
11;0;2;3;3;2;3;10;5;4;13;9;14;13;16;12;13;13;20
12;3;0;3;3;3;1;7;12;6;7;15;12;14;16;19;12;13;11
13;2;4;0;3;3;3;6;8;14;10;9;16;9;13;15;17;12;15
14;2;1;3;0;4;3;6;6;8;19;9;6;15;12;12;14;16;13
15;1;1;2;2;0;4;9;8;6;9;23;7;3;17;13;7;16;12
16;0;0;1;3;2;1;9;12;10;9;11;24;7;4;16;12;10;16
17;0;0;0;1;4;2;3;8;12;11;10;11;23;7;4;14;14;13
18;1;0;0;0;1;5;7;4;7;12;10;11;10;29;7;10;26;14
19;1;0;0;0;0;1;13;9;4;12;16;9;8;12;24;11;20;31
20;1;1;0;0;0;0;7;15;12;7;16;22;10;12;13;29;11;26
21;0;2;1;0;5;0;17;12;17;19;12;22;21;17;17;20;32;23
22;3;3;6;2;1;5;15;20;20;20;24;18;22;20;29;22;19;34
23;1;2;6;4;0;5;12;19;26;29;25;35;23;31;29;39;21;21
24;1;0;1;7;1;0;19;15;24;37;36;31;31;30;35;32;31;28
25;2;1;5;2;1;2;21;22;22;35;42;37;30;40;35;41;28;37
26;4;3;4;7;4;2;22;28;27;33;38;56;34;35;48;41;31;32
27;7;3;4;5;6;4;17;36;34;32;37;44;60;39;36;44;32;36
28;6;5;7;4;7;5;32;26;42;43;40;42;38;61;43;40;46;34
29;5;8;8;14;4;8;19;33;29;43;48;46;40;43;69;48;42;51
30;6;4;10;9;14;5;27;26;37;38;52;53;49;41;41;76;40;48
31;8;5;13;12;11;14;24;43;26;41;41;58;57;51;47;37;72;46
32;7;7;8;15;10;12;36;29;48;38;42;47;56;58;54;46;37;70
33;8;7;10;7;17;8;30;39;32;55;37;47;42;51;59;53;42;36
34;11;8;8;8;5;17;23;36;43;43;59;41;49;48;54;58;45;44
35;5;9;11;10;10;3;34;25;40;52;41;68;41;48;47;49;47;48
36;7;4;14;12;6;8;11;33;28;47;55;47;68;41;47;39;45;53
37;4;8;9;13;13;7;21;12;33;37;49;59;44;67;43;48;39;46
38;5;5;11;10;14;16;27;24;17;39;38;50;57;44;67;35;49;37
39;5;5;7;13;14;13;35;27;30;24;40;41;57;58;45;65;36;53
40;8;6;8;10;12;15;30;39;28;34;28;41;39;53;56;44;56;43
41;5;7;11;10;10;11;23;33;42;33;35;36;42;41;56;53;35;60
42;8;7;7;12;8;10;18;29;33;45;33;38;33;41;46;60;48;36
43;2;7;8;6;8;6;21;19;32;33;46;37;38;33;41;44;57;47
44;1;1;7;6;7;5;18;23;22;30;30;52;39;40;34;39;43;56
45;1;1;2;7;7;4;14;19;21;23;29;30;49;38;39;29;34;43
46;2;0;2;2;7;5;17;18;20;21;24;31;33;46;41;41;30;33
47;2;3;3;2;2;7;12;22;19;24;26;26;28;34;44;37;39;29
48;3;2;4;5;3;2;10;12;21;22;26;25;25;27;29;40;39;36
49;2;4;0;1;5;3;9;8;12;24;20;28;24;24;26;25;38;41
50;3;2;5;2;1;4;9;9;7;13;25;21;29;25;24;23;24;39
51;1;3;4;6;1;1;10;9;13;8;15;29;25;31;26;22;23;25
52;2;1;3;3;6;1;6;8;7;15;10;14;27;22;30;23;19;22
53;1;2;4;1;4;5;2;6;10;8;16;11;15;28;20;28;23;18
54;1;1;2;5;1;4;7;4;7;13;11;15;8;15;26;20;24;21
55;0;1;2;2;5;1;5;6;2;6;12;11;11;7;14;24;18;20
56;1;0;1;2;2;6;5;3;7;4;4;13;10;10;7;13;23;17
57;1;1;0;1;4;2;6;6;3;6;2;5;14;9;11;11;12;22
58;1;1;0;0;1;4;3;8;4;3;4;2;4;15;11;10;10;12
59;0;1;1;0;0;1;5;3;6;4;3;5;2;4;16;11;11;8
60;0;0;1;2;0;0;2;4;2;6;4;2;6;3;5;18;10;13
61;0;0;0;1;3;0;0;2;4;4;6;4;2;4;3;6;15;9
62;1;0;0;0;1;1;1;0;2;3;5;7;3;2;3;3;6;15
63;1;1;0;0;0;1;1;0;0;2;2;5;4;3;2;3;4;5
64;3;1;1;0;0;0;2;1;0;2;2;2;6;4;4;2;3;3
65;0;2;1;1;0;0;0;3;1;0;2;3;1;6;4;3;2;3
66;1;0;2;1;1;0;1;0;3;1;0;2;3;3;5;1;3;2
67;1;1;0;1;1;1;0;1;0;2;1;0;2;3;3;4;2;3
68;2;1;1;0;1;1;2;0;1;0;3;1;0;2;2;3;3;2
69;0;2;2;1;0;1;1;2;0;1;0;3;1;0;2;1;4;3
70;2;0;2;1;1;0;1;1;0;0;1;0;2;1;0;2;0;4
71;0;1;0;2;1;0;0;2;1;0;0;1;0;2;1;1;2;0
72;1;0;0;0;2;1;0;0;2;1;0;0;1;0;2;1;1;2
73;0;1;0;0;0;2;1;0;0;2;1;0;0;1;0;2;1;1
74;0;0;1;0;1;0;2;1;0;0;2;1;0;0;1;0;2;1
75;0;0;0;1;0;1;0;2;1;0;0;2;1;0;0;0;0;2
76;0;0;0;0;1;0;1;0;1;1;0;0;1;1;0;0;0;0
77;0;0;0;0;0;2;0;1;0;1;1;0;0;0;1;0;0;0
78;0;0;0;0;0;0;2;0;1;0;1;1;0;0;0;1;0;0
79;0;0;0;0;0;0;1;2;0;1;0;1;1;0;0;0;1;0
80;0;0;0;0;0;0;0;1;0;0;1;0;1;1;0;0;0;1
81;0;0;0;0;0;0;0;0;1;0;0;1;0;0;1;0;0;0
82;0;0;0;0;0;0;0;0;0;1;0;0;1;0;0;1;0;0
83;1;0;0;0;0;0;0;0;0;0;1;0;0;1;0;0;1;1
84;0;1;0;0;0;0;1;0;0;0;0;1;0;0;1;0;0;1
85;0;0;1;0;0;0;0;1;0;0;0;0;1;0;0;1;0;0
86;0;0;0;1;0;0;0;0;1;0;0;0;0;1;0;0;1;0
87;0;0;0;0;1;0;0;0;0;1;0;0;0;0;1;0;0;1
88;0;0;0;0;0;1;0;0;0;0;1;0;0;0;0;1;0;0
89;0;0;0;0;0;0;0;0;0;0;0;1;0;0;0;0;1;0
90;0;0;0;0;0;0;0;0;0;0;0;0;1;0;0;0;0;1
91;0;0;0;0;0;0;0;0;0;0;0;0;0;1;0;0;0;0
92;0;0;0;0;0;0;0;0;0;0;0;0;0;0;1;0;0;0
93;0;0;0;0;0;0;0;0;0;0;0;0;0;0;0;1;0;0
94;0;0;0;0;0;0;0;0;0;0;0;0;0;0;0;0;1;0
95;0;0;0;0;0;0;0;0;0;0;0;0;0;0;0;0;0;1
96;0;0;0;0;0;0;0;0;0;0;0;0;0;0;0;0;0;0
97;0;0;0;0;0;0;0;0;0;0;0;0;0;0;0;0;0;0
98;0;0;0;0;0;0;0;0;0;0;0;0;0;0;0;0;0;0
99;0;0;0;0;0;0;0;0;0;0;0;0;0;0;0;0;0;0
100 e oltre;0;0;0;0;0;0;0;0;0;0;0;0;0;0;0;0;0;0
Totale;194;194;279;299;309;304;858;1023;1137;1391;1516;1708;1695;1783;1848;1847;1756;1850
Età/Anno;2002;2003;2004;2005;2006;2007;2008;2009;2010;2011;2012;2013;2014;2015;2016;2017;2018;2019
Età;Maschi
0;1;3;3;1;6;3;10;10;8;11;11;17;9;9;10;9;6;6
1;0;1;3;3;0;5;5;10;11;10;12;11;19;12;9;10;9;6
2;2;0;1;4;3;0;8;5;10;10;10;14;11;16;10;10;8;10
3;0;3;0;0;1;3;2;10;5;14;13;12;16;11;18;9;10;9
4;2;0;5;0;0;1;4;3;11;6;14;12;10;16;12;16;9;10
5;0;1;0;4;0;1;2;5;3;10;6;14;13;11;14;12;15;9
6;2;0;1;0;5;0;4;4;5;6;7;4;14;12;11;14;10;14
7;0;3;0;1;0;5;0;7;4;5;6;10;4;14;11;10;12;7
8;3;1;3;0;0;0;6;0;6;6;6;6;8;5;10;9;10;12
9;1;3;2;3;0;0;1;8;1;7;7;9;7;6;5;7;9;11
10;2;1;2;3;3;0;1;2;9;3;8;7;10;7;5;5;8;7
11;0;2;1;2;2;3;4;1;1;9;5;8;7;8;8;5;3;8
12;1;0;3;1;2;1;6;4;3;2;11;8;8;9;9;9;5;2
13;2;1;0;3;1;2;4;6;5;3;3;12;7;7;8;7;8;6
14;1;1;1;0;3;1;3;4;5;7;2;1;11;8;6;6;6;9
15;0;0;2;1;0;3;6;4;4;5;9;0;0;13;8;4;8;5
16;0;0;0;3;1;0;5;7;6;5;7;10;0;0;13;6;7;9
17;0;0;0;0;3;1;0;5;7;8;5;7;7;0;0;11;6;9
18;1;0;0;0;0;2;4;0;4;7;7;4;5;15;0;5;22;7
19;1;0;0;0;0;0;5;5;0;6;9;5;2;6;12;5;15;24
20;1;0;0;0;0;0;2;6;6;2;8;12;6;3;7;15;6;19
21;0;2;1;0;0;0;6;3;8;10;3;13;11;9;7;13;17;17
22;1;3;5;2;0;0;7;7;7;7;11;6;11;10;16;13;13;19
23;1;0;5;3;0;0;4;10;10;10;7;21;8;15;18;24;11;15
24;1;0;0;5;1;0;8;6;12;16;16;13;19;15;16;18;16;19
25;0;1;3;0;0;1;10;10;7;17;19;17;12;25;19;20;16;23
26;1;0;3;3;0;0;12;16;14;9;17;27;14;12;31;26;13;19
27;1;0;0;4;1;0;9;16;20;17;10;23;27;16;12;30;18;16
28;3;0;0;1;4;0;12;12;20;28;21;14;19;29;23;18;31;21
29;2;2;2;5;1;4;9;13;13;22;30;26;12;20;35;28;21;35
30;4;0;6;3;5;0;15;15;13;18;26;32;27;14;19;38;21;23
31;2;4;5;9;3;5;8;21;16;18;20;30;32;29;21;16;37;25
32;4;1;4;7;6;2;13;9;24;19;17;22;30;33;34;21;15;40
33;6;4;4;5;8;6;11;15;12;25;16;22;20;26;34;35;18;14
34;6;6;3;4;4;6;12;13;18;18;26;19;21;25;26;33;29;21
35;5;5;9;4;6;3;14;10;15;23;19;32;21;20;27;25;29;32
36;5;4;9;10;3;5;9;14;12;18;24;23;35;22;19;22;22;35
37;3;4;5;8;11;3;9;9;12;18;16;26;23;32;25;21;21;26
38;5;4;7;5;7;11;13;12;9;15;19;18;26;24;30;23;24;21
39;3;5;3;8;9;6;18;12;13;12;15;21;21;25;25;30;22;26
40;4;4;6;4;7;8;15;21;11;15;15;16;19;18;25;21;23;25
41;2;4;6;6;4;6;10;17;21;14;16;18;16;21;19;23;18;26
42;7;2;4;8;6;5;9;11;14;20;13;17;14;17;24;19;20;17
43;1;7;2;2;6;5;6;8;9;13;20;17;17;15;17;25;17;21
44;1;0;7;1;3;5;9;7;9;9;10;23;16;17;17;17;22;19
45;1;1;2;6;2;1;6;10;6;9;8;10;21;15;16;14;15;23
46;2;0;2;2;7;1;5;7;9;7;8;9;10;18;15;16;13;16
47;2;3;0;2;2;7;5;7;6;11;7;8;8;10;19;14;15;12
48;2;2;3;0;3;2;7;5;7;7;12;7;9;8;6;16;15;11
49;1;2;0;0;1;3;7;4;5;8;6;14;7;8;9;6;15;15
50;3;1;2;2;0;1;2;7;3;6;8;8;15;9;8;9;7;16
51;0;2;1;2;1;0;1;1;7;3;7;9;10;17;10;8;7;8
52;1;0;3;1;3;1;0;1;2;6;4;7;9;8;16;8;7;7
53;0;1;2;1;1;3;1;0;1;2;7;5;7;9;8;14;8;6
54;0;0;2;2;1;1;2;1;0;1;3;7;3;7;8;8;12;8
55;0;0;0;2;2;1;0;2;1;0;1;3;4;3;7;9;6;10
56;1;0;0;0;2;2;2;0;2;2;0;1;3;3;3;6;9;6
57;1;1;0;0;0;2;2;2;0;2;2;1;1;3;2;2;6;9
58;0;1;0;0;0;0;3;2;1;0;2;2;1;1;3;2;2;6
59;0;0;1;0;0;0;0;3;2;1;0;2;2;1;2;3;3;3
60;0;0;0;1;0;0;0;0;2;2;1;0;3;3;1;1;3;3
61;0;0;0;0;1;0;0;0;0;3;2;2;0;1;3;1;1;3
62;0;0;0;0;0;0;0;0;0;0;3;3;1;0;1;3;1;1
63;1;0;0;0;0;0;0;0;0;0;0;3;1;1;0;1;3;1
64;0;1;0;0;0;0;0;0;0;0;0;0;2;1;2;0;1;2
65;0;0;1;0;0;0;0;0;0;0;0;0;0;2;1;1;0;1
66;0;0;0;1;0;0;1;0;0;0;0;0;0;2;1;0;1;0
67;1;0;0;0;1;0;0;1;0;0;0;0;0;0;2;1;0;1
68;2;1;0;0;0;1;0;0;1;0;0;0;0;0;0;2;1;0
69;0;2;2;0;0;0;1;0;0;1;0;0;0;0;0;0;2;1
70;0;0;2;1;0;0;0;1;0;0;1;0;0;0;0;0;0;2
71;0;0;0;2;1;0;0;0;1;0;0;1;0;0;0;0;0;0
72;0;0;0;0;2;1;0;0;0;1;0;0;1;0;0;0;0;0
73;0;0;0;0;0;2;1;0;0;0;1;0;0;1;0;0;0;0
74;0;0;0;0;0;0;2;1;0;0;0;1;0;0;1;0;0;0
75;0;0;0;0;0;0;0;2;1;0;0;0;1;0;0;0;0;0
76;0;0;0;0;0;0;0;0;1;1;0;0;0;1;0;0;0;0
77;0;0;0;0;0;0;0;0;0;1;1;0;0;0;1;0;0;0
78;0;0;0;0;0;0;0;0;0;0;1;1;0;0;0;1;0;0
79;0;0;0;0;0;0;0;0;0;0;0;1;1;0;0;0;1;0
80;0;0;0;0;0;0;0;0;0;0;0;0;1;1;0;0;0;1
81;0;0;0;0;0;0;0;0;0;0;0;0;0;0;1;0;0;0
82;0;0;0;0;0;0;0;0;0;0;0;0;0;0;0;1;0;0
83;0;0;0;0;0;0;0;0;0;0;0;0;0;0;0;0;1;0
84;0;0;0;0;0;0;0;0;0;0;0;0;0;0;0;0;0;1
85;0;0;0;0;0;0;0;0;0;0;0;0;0;0;0;0;0;0
86;0;0;0;0;0;0;0;0;0;0;0;0;0;0;0;0;0;0
87;0;0;0;0;0;0;0;0;0;0;0;0;0;0;0;0;0;0
88;0;0;0;0;0;0;0;0;0;0;0;0;0;0;0;0;0;0
89;0;0;0;0;0;0;0;0;0;0;0;0;0;0;0;0;0;0
90;0;0;0;0;0;0;0;0;0;0;0;0;0;0;0;0;0;0
91;0;0;0;0;0;0;0;0;0;0;0;0;0;0;0;0;0;0
92;0;0;0;0;0;0;0;0;0;0;0;0;0;0;0;0;0;0
93;0;0;0;0;0;0;0;0;0;0;0;0;0;0;0;0;0;0
94;0;0;0;0;0;0;0;0;0;0;0;0;0;0;0;0;0;0
95;0;0;0;0;0;0;0;0;0;0;0;0;0;0;0;0;0;0
96;0;0;0;0;0;0;0;0;0;0;0;0;0;0;0;0;0;0
97;0;0;0;0;0;0;0;0;0;0;0;0;0;0;0;0;0;0
98;0;0;0;0;0;0;0;0;0;0;0;0;0;0;0;0;0;0
99;0;0;0;0;0;0;0;0;0;0;0;0;0;0;0;0;0;0
100 e oltre;0;0;0;0;0;0;0;0;0;0;0;0;0;0;0;0;0;0
Totale;106;100;149;161;155;141;378;450;491;607;657;784;766;810;871;890;841;927
Età/Anno;2002;2003;2004;2005;2006;2007;2008;2009;2010;2011;2012;2013;2014;2015;2016;2017;2018;2019
Età;Femmine
0;2;0;3;1;5;2;11;14;8;11;13;7;12;12;5;11;8;11
1;0;2;0;3;2;5;4;13;15;12;12;12;8;11;10;8;12;10
2;2;0;2;0;3;1;7;3;13;16;10;13;10;10;11;10;7;13
3;1;2;0;3;0;3;3;7;4;13;13;11;12;12;11;8;6;6
4;2;2;2;0;2;0;3;1;6;6;15;16;10;9;11;10;8;5
5;3;3;2;2;0;1;2;5;1;5;7;19;14;12;8;11;9;9
6;1;2;2;3;2;0;3;1;6;4;4;7;18;16;10;6;11;13
7;1;1;2;2;3;2;4;3;3;8;5;5;7;19;16;8;5;10
8;3;1;1;1;2;1;3;6;4;4;9;5;6;8;17;13;7;5
9;2;3;1;1;2;3;2;3;6;6;5;9;5;7;10;16;11;5
10;0;2;3;0;0;2;5;3;3;6;6;6;8;5;5;11;12;12
11;0;0;2;1;0;0;6;4;3;4;4;6;6;8;4;8;10;12
12;2;0;0;2;1;0;1;8;3;5;4;4;6;7;10;3;8;9
13;0;3;0;0;2;1;2;2;9;7;6;4;2;6;7;10;4;9
14;1;0;2;0;1;2;3;2;3;12;7;5;4;4;6;8;10;4
15;1;1;0;1;0;1;3;4;2;4;14;7;3;4;5;3;8;7
16;0;0;1;0;1;1;4;5;4;4;4;14;7;4;3;6;3;7
17;0;0;0;1;1;1;3;3;5;3;5;4;16;7;4;3;8;4
18;0;0;0;0;1;3;3;4;3;5;3;7;5;14;7;5;4;7
19;0;0;0;0;0;1;8;4;4;6;7;4;6;6;12;6;5;7
20;0;1;0;0;0;0;5;9;6;5;8;10;4;9;6;14;5;7
21;0;0;0;0;5;0;11;9;9;9;9;9;10;8;10;7;15;6
22;2;0;1;0;1;5;8;13;13;13;13;12;11;10;13;9;6;15
23;0;2;1;1;0;5;8;9;16;19;18;14;15;16;11;15;10;6
24;0;0;1;2;0;0;11;9;12;21;20;18;12;15;19;14;15;9
25;2;0;2;2;1;1;11;12;15;18;23;20;18;15;16;21;12;14
26;3;3;1;4;4;2;10;12;13;24;21;29;20;23;17;15;18;13
27;6;3;4;1;5;4;8;20;14;15;27;21;33;23;24;14;14;20
28;3;5;7;3;3;5;20;14;22;15;19;28;19;32;20;22;15;13
29;3;6;6;9;3;4;10;20;16;21;18;20;28;23;34;20;21;16
30;2;4;4;6;9;5;12;11;24;20;26;21;22;27;22;38;19;25
31;6;1;8;3;8;9;16;22;10;23;21;28;25;22;26;21;35;21
32;3;6;4;8;4;10;23;20;24;19;25;25;26;25;20;25;22;30
33;2;3;6;2;9;2;19;24;20;30;21;25;22;25;25;18;24;22
34;5;2;5;4;1;11;11;23;25;25;33;22;28;23;28;25;16;23
35;0;4;2;6;4;0;20;15;25;29;22;36;20;28;20;24;18;16
36;2;0;5;2;3;3;2;19;16;29;31;24;33;19;28;17;23;18
37;1;4;4;5;2;4;12;3;21;19;33;33;21;35;18;27;18;20
38;0;1;4;5;7;5;14;12;8;24;19;32;31;20;37;12;25;16
39;2;0;4;5;5;7;17;15;17;12;25;20;36;33;20;35;14;27
40;4;2;2;6;5;7;15;18;17;19;13;25;20;35;31;23;33;18
41;3;3;5;4;6;5;13;16;21;19;19;18;26;20;37;30;17;34
42;1;5;3;4;2;5;9;18;19;25;20;21;19;24;22;41;28;19
43;1;0;6;4;2;1;15;11;23;20;26;20;21;18;24;19;40;26
44;0;1;0;5;4;0;9;16;13;21;20;29;23;23;17;22;21;37
45;0;0;0;1;5;3;8;9;15;14;21;20;28;23;23;15;19;20
46;0;0;0;0;0;4;12;11;11;14;16;22;23;28;26;25;17;17
47;0;0;3;0;0;0;7;15;13;13;19;18;20;24;25;23;24;17
48;1;0;1;5;0;0;3;7;14;15;14;18;16;19;23;24;24;25
49;1;2;0;1;4;0;2;4;7;16;14;14;17;16;17;19;23;26
50;0;1;3;0;1;3;7;2;4;7;17;13;14;16;16;14;17;23
51;1;1;3;4;0;1;9;8;6;5;8;20;15;14;16;14;16;17
52;1;1;0;2;3;0;6;7;5;9;6;7;18;14;14;15;12;15
53;1;1;2;0;3;2;1;6;9;6;9;6;8;19;12;14;15;12
54;1;1;0;3;0;3;5;3;7;12;8;8;5;8;18;12;12;13
55;0;1;2;0;3;0;5;4;1;6;11;8;7;4;7;15;12;10
56;0;0;1;2;0;4;3;3;5;2;4;12;7;7;4;7;14;11
57;0;0;0;1;4;0;4;4;3;4;0;4;13;6;9;9;6;13
58;1;0;0;0;1;4;0;6;3;3;2;0;3;14;8;8;8;6
59;0;1;0;0;0;1;5;0;4;3;3;3;0;3;14;8;8;5
60;0;0;1;1;0;0;2;4;0;4;3;2;3;0;4;17;7;10
61;0;0;0;1;2;0;0;2;4;1;4;2;2;3;0;5;14;6
62;1;0;0;0;1;1;1;0;2;3;2;4;2;2;2;0;5;14
63;0;1;0;0;0;1;1;0;0;2;2;2;3;2;2;2;1;4
64;3;0;1;0;0;0;2;1;0;2;2;2;4;3;2;2;2;1
65;0;2;0;1;0;0;0;3;1;0;2;3;1;4;3;2;2;2
66;1;0;2;0;1;0;0;0;3;1;0;2;3;1;4;1;2;2
67;0;1;0;1;0;1;0;0;0;2;1;0;2;3;1;3;2;2
68;0;0;1;0;1;0;2;0;0;0;3;1;0;2;2;1;2;2
69;0;0;0;1;0;1;0;2;0;0;0;3;1;0;2;1;2;2
70;2;0;0;0;1;0;1;0;0;0;0;0;2;1;0;2;0;2
71;0;1;0;0;0;0;0;2;0;0;0;0;0;2;1;1;2;0
72;1;0;0;0;0;0;0;0;2;0;0;0;0;0;2;1;1;2
73;0;1;0;0;0;0;0;0;0;2;0;0;0;0;0;2;1;1
74;0;0;1;0;1;0;0;0;0;0;2;0;0;0;0;0;2;1
75;0;0;0;1;0;1;0;0;0;0;0;2;0;0;0;0;0;2
76;0;0;0;0;1;0;1;0;0;0;0;0;1;0;0;0;0;0
77;0;0;0;0;0;2;0;1;0;0;0;0;0;0;0;0;0;0
78;0;0;0;0;0;0;2;0;1;0;0;0;0;0;0;0;0;0
79;0;0;0;0;0;0;1;2;0;1;0;0;0;0;0;0;0;0
80;0;0;0;0;0;0;0;1;0;0;1;0;0;0;0;0;0;0
81;0;0;0;0;0;0;0;0;1;0;0;1;0;0;0;0;0;0
82;0;0;0;0;0;0;0;0;0;1;0;0;1;0;0;0;0;0
83;1;0;0;0;0;0;0;0;0;0;1;0;0;1;0;0;0;1
84;0;1;0;0;0;0;1;0;0;0;0;1;0;0;1;0;0;0
85;0;0;1;0;0;0;0;1;0;0;0;0;1;0;0;1;0;0
86;0;0;0;1;0;0;0;0;1;0;0;0;0;1;0;0;1;0
87;0;0;0;0;1;0;0;0;0;1;0;0;0;0;1;0;0;1
88;0;0;0;0;0;1;0;0;0;0;1;0;0;0;0;1;0;0
89;0;0;0;0;0;0;0;0;0;0;0;1;0;0;0;0;1;0
90;0;0;0;0;0;0;0;0;0;0;0;0;1;0;0;0;0;1
91;0;0;0;0;0;0;0;0;0;0;0;0;0;1;0;0;0;0
92;0;0;0;0;0;0;0;0;0;0;0;0;0;0;1;0;0;0
93;0;0;0;0;0;0;0;0;0;0;0;0;0;0;0;1;0;0
94;0;0;0;0;0;0;0;0;0;0;0;0;0;0;0;0;1;0
95;0;0;0;0;0;0;0;0;0;0;0;0;0;0;0;0;0;1
96;0;0;0;0;0;0;0;0;0;0;0;0;0;0;0;0;0;0
97;0;0;0;0;0;0;0;0;0;0;0;0;0;0;0;0;0;0
98;0;0;0;0;0;0;0;0;0;0;0;0;0;0;0;0;0;0
99;0;0;0;0;0;0;0;0;0;0;0;0;0;0;0;0;0;0
100 e oltre;0;0;0;0;0;0;0;0;0;0;0;0;0;0;0;0;0;0
Totale;88;94;130;138;154;163;480;573;646;784;859;924;929;973;977;957;915;923
