"Popolazione per età, vista per singola area - Comune: 041001 - Acqualagna"

"Ricostruzione della popolazione intercensuaria - Popolazione al 1° gennaio per età"
"Tutte le cittadinanze - Comune: Acqualagna"
Età/Anno;2002;2003;2004;2005;2006;2007;2008;2009;2010;2011;2012;2013;2014;2015;2016;2017;2018;2019
Età;Totale
0;43;40;45;40;50;44;43;39;45;42;54;46;38;34;32;33;37;29
1;47;49;42;48;43;52;45;44;39;45;42;51;49;37;34;30;34;38
2;39;45;53;43;46;42;51;50;46;42;47;43;51;51;37;33;29;35
3;31;37;49;48;45;50;41;50;48;47;42;44;41;54;52;37;31;31
4;36;30;36;47;48;47;46;42;51;47;45;40;44;41;53;50;35;31
5;47;37;30;37;49;45;46;46;39;50;48;46;38;45;37;56;51;36
6;41;46;40;28;39;50;44;43;46;43;49;45;45;43;44;37;55;53
7;38;41;46;41;30;36;46;46;42;50;38;47;44;45;43;47;39;54
8;38;39;41;49;40;33;37;45;44;42;50;42;48;44;47;42;42;38
9;41;36;42;42;49;38;32;37;45;42;40;51;40;46;43;49;40;47
10;43;42;36;40;45;50;38;31;36;51;43;39;52;40;48;44;48;41
11;49;42;39;37;40;44;54;38;33;36;50;42;42;49;39;49;42;46
12;43;53;42;39;38;41;45;51;38;36;36;50;43;43;50;40;48;39
13;43;42;54;44;40;34;40;44;50;40;36;36;50;43;39;50;39;49
14;42;44;42;54;44;40;36;41;47;52;38;37;36;49;44;39;49;37
15;42;43;44;43;51;43;42;38;40;48;49;37;33;35;49;44;36;50
16;44;43;44;44;43;53;42;42;38;42;47;47;37;33;37;51;41;36
17;34;45;43;48;46;44;52;43;44;39;42;42;46;36;30;35;51;39
18;48;34;44;45;48;45;45;53;44;45;39;42;43;46;38;35;40;51
19;69;52;33;47;47;49;46;45;54;44;45;38;42;43;43;42;35;39
20;49;71;53;35;44;47;44;45;45;53;46;46;39;42;41;50;42;35
21;50;50;72;52;38;45;49;45;44;49;54;44;51;39;41;43;53;42
22;51;50;56;72;52;36;42;52;47;44;48;54;46;49;39;41;40;51
23;51;51;49;56;76;53;38;41;51;48;43;44;54;47;46;39;43;38
24;52;54;54;54;58;78;48;39;40;49;49;44;47;52;47;43;39;40
25;65;61;58;45;59;54;74;49;43;44;49;49;43;49;51;49;42;40
26;65;75;59;68;46;57;52;73;56;44;44;48;47;49;50;52;48;40
27;52;67;70;63;65;48;53;53;71;53;44;46;49;47;48;54;55;49
28;63;50;71;72;65;69;48;55;57;73;57;47;48;47;44;51;52;56
29;62;67;49;69;74;62;70;52;56;53;74;60;45;50;44;48;50;53
30;55;64;73;53;68;73;63;69;55;56;56;71;59;41;48;53;51;49
31;45;57;68;71;52;66;80;58;71;57;58;58;69;56;43;45;51;50
32;70;47;56;65;65;56;66;90;63;75;54;57;58;68;54;44;42;49
33;64;71;44;55;61;64;50;68;89;65;75;50;57;58;63;60;48;43
34;58;67;65;43;54;63;66;51;68;88;60;71;54;54;58;66;57;48
35;45;59;68;66;51;56;64;68;50;67;90;57;73;55;53;56;68;55
36;71;51;59;68;70;54;52;67;75;55;66;83;58;74;55;53;60;64
37;89;75;50;59;74;72;53;51;67;73;56;67;83;56;78;55;56;59
38;75;90;74;50;53;71;67;57;52;67;69;61;65;86;58;80;56;55
39;58;75;89;73;54;53;71;66;60;57;64;70;63;63;83;57;75;55
40;56;59;79;89;75;53;53;71;71;62;57;63;69;59;59;86;58;74
41;61;60;65;81;90;71;57;59;69;77;62;58;61;72;57;65;85;59
42;77;62;60;60;78;92;70;56;60;67;76;62;63;68;66;55;67;85
43;51;76;64;66;60;80;92;71;58;62;67;75;64;63;63;68;54;68
44;51;50;75;64;66;58;77;92;73;56;64;69;76;68;61;66;67;55
45;60;51;52;75;63;65;63;76;92;75;58;65;68;75;65;62;67;66
46;47;64;49;51;75;62;65;61;77;93;74;60;65;69;74;65;59;66
47;53;51;62;49;52;72;63;68;58;75;92;73;61;64;67;75;60;59
48;75;52;53;59;50;56;72;62;71;58;73;92;74;57;60;68;75;62
49;49;74;52;49;59;50;54;72;62;68;58;70;92;73;55;61;68;80
50;52;49;76;53;49;60;55;57;73;64;64;58;68;91;71;56;61;71
51;64;56;49;79;54;49;61;54;56;76;64;63;57;70;91;73;56;61
52;55;64;54;49;76;55;49;61;53;56;74;64;62;59;69;92;71;58
53;50;54;67;55;48;78;56;48;62;56;58;76;66;60;58;67;94;71
54;42;50;52;69;54;50;79;57;49;60;57;55;78;63;59;58;69;93
55;50;41;51;53;68;54;52;77;59;49;62;55;52;76;61;63;59;68
56;38;49;40;53;53;68;56;53;76;60;49;61;50;53;76;62;62;59
57;40;38;50;41;54;53;66;54;53;76;59;48;59;51;49;76;62;63
58;45;39;38;49;40;55;55;64;54;53;75;60;48;56;53;49;75;60
59;42;46;38;38;49;40;54;53;66;54;51;74;59;49;56;54;48;71
60;42;42;43;39;37;49;41;55;54;66;56;49;72;58;48;55;54;53
61;39;42;41;42;41;38;49;42;55;53;67;54;48;72;57;48;57;53
62;55;40;45;42;41;41;40;50;42;55;52;65;50;48;74;54;46;57
63;57;53;41;44;41;40;43;39;49;42;54;51;65;48;49;74;51;45
64;48;56;53;44;47;41;39;42;39;51;42;54;51;64;51;52;75;50
65;34;47;57;52;44;45;41;39;42;38;47;43;53;52;60;51;52;75
66;45;34;43;60;52;43;45;41;39;41;37;47;42;53;52;58;51;51
67;44;45;34;42;60;49;45;43;39;39;39;36;47;42;53;51;57;51
68;49;46;44;36;41;61;49;41;41;37;38;39;37;48;42;52;48;57
69;43;49;46;47;38;40;57;50;40;40;37;35;39;37;46;41;52;48
70;40;41;49;45;45;37;40;58;47;42;38;37;34;40;37;44;40;54
71;48;40;41;46;41;45;38;40;56;46;42;37;35;34;40;36;44;40
72;44;47;39;43;46;40;44;39;41;53;44;43;36;34;34;40;36;44
73;47;44;48;38;42;45;40;44;37;39;53;44;40;36;32;34;40;35
74;40;46;40;49;38;42;43;39;46;33;39;52;45;42;35;32;34;40
75;52;40;46;38;49;35;39;44;38;45;34;39;50;46;40;33;32;34
76;31;51;37;41;36;47;34;39;42;39;43;33;38;47;45;37;34;30
77;45;30;51;34;39;33;47;35;37;42;36;44;31;36;44;45;37;35
78;33;44;29;47;32;37;35;46;35;37;41;33;42;30;33;44;43;35
79;34;34;36;28;47;33;38;35;45;35;34;39;32;42;28;30;43;40
80;31;35;33;31;28;44;32;37;33;41;34;35;38;31;40;26;29;42
81;25;28;34;31;29;26;44;32;36;33;39;32;34;36;29;44;26;28
82;19;21;23;35;30;28;21;43;33;35;32;39;32;33;31;30;41;25
83;12;16;20;25;33;27;25;19;37;29;34;29;36;30;32;27;25;39
84;14;11;13;21;21;29;24;25;18;34;27;29;26;33;29;30;24;24
85;15;7;13;12;18;19;23;19;24;17;31;25;27;26;27;28;26;23
86;12;13;5;13;9;17;20;22;19;24;15;30;22;29;24;25;27;25
87;10;12;11;5;9;6;14;20;19;17;22;14;27;19;24;21;23;25
88;13;9;13;8;4;7;5;12;18;19;15;19;11;24;18;21;19;17
89;13;9;7;10;8;3;5;6;11;14;17;15;13;12;18;17;20;17
90;8;8;9;7;10;7;2;4;7;10;13;12;13;12;9;15;16;17
91;17;4;8;8;5;9;6;2;3;6;7;12;8;13;12;9;14;14
92;7;15;3;5;7;3;8;5;2;2;4;5;8;7;10;9;8;12
93;2;2;13;3;3;3;3;5;4;2;2;4;5;8;5;7;7;5
94;1;2;2;9;2;3;3;3;4;3;2;1;2;3;6;5;7;5
95;1;1;1;1;5;2;3;3;3;3;2;1;0;2;1;5;3;6
96;0;0;1;1;1;2;1;2;2;2;2;1;1;0;2;1;3;3
97;1;0;0;0;1;1;1;0;2;2;1;0;1;1;0;2;1;3
98;1;0;0;0;0;1;1;1;0;2;0;1;0;1;0;0;1;0
99;1;0;0;0;0;0;1;0;0;0;1;0;1;0;1;0;0;0
100 e oltre;0;1;1;1;0;0;0;0;0;0;0;1;1;1;0;0;0;0
Totale;4179;4242;4281;4318;4353;4356;4359;4404;4460;4518;4503;4472;4455;4465;4371;4436;4413;4396
Età/Anno;2002;2003;2004;2005;2006;2007;2008;2009;2010;2011;2012;2013;2014;2015;2016;2017;2018;2019
Età;Maschi
0;25;22;22;21;25;19;23;21;21;25;18;22;23;18;18;16;20;14
1;23;28;23;25;22;27;17;24;20;23;25;18;25;22;18;16;17;20
2;24;24;29;23;25;22;27;19;26;22;24;27;16;25;22;17;15;18
3;14;22;24;26;25;25;20;26;19;27;22;23;26;17;24;22;14;15
4;25;14;21;23;26;25;22;21;28;20;27;20;23;24;16;23;19;14
5;26;26;13;22;23;24;25;22;20;26;21;28;18;24;23;19;23;19
6;21;26;28;13;22;24;22;23;24;25;26;17;27;23;23;22;19;24
7;19;20;26;28;15;21;22;23;23;24;20;26;16;26;23;25;22;20
8;17;20;20;28;28;16;23;25;21;23;24;21;26;16;28;23;21;22
9;22;17;22;20;28;28;16;23;25;21;22;25;20;26;15;30;21;24
10;29;22;17;21;22;29;28;15;22;24;22;22;26;20;28;15;29;22
11;29;28;22;17;21;22;30;28;14;21;24;22;23;24;20;27;13;28
12;22;31;28;22;18;22;23;28;29;14;21;24;22;24;24;19;26;14
13;23;21;32;30;22;16;21;22;28;29;14;21;24;22;24;23;18;25
14;22;24;21;32;30;22;16;20;22;27;29;14;21;23;22;23;23;18
15;19;22;24;21;30;28;23;18;20;23;27;28;14;21;23;22;20;24
16;25;18;23;24;21;32;28;23;18;21;23;26;28;14;21;25;22;20
17;14;24;18;23;23;22;31;29;25;19;21;22;25;28;11;20;25;22
18;25;14;23;19;24;22;24;33;27;26;19;21;22;25;28;16;25;24
19;36;25;15;25;21;24;24;23;34;27;26;18;20;22;25;32;17;24
20;24;36;27;16;23;21;24;24;24;33;28;26;18;22;21;32;31;15
21;26;25;37;26;16;23;23;25;22;26;33;26;28;18;22;24;34;31
22;25;25;26;37;26;15;21;25;26;22;26;33;29;27;18;24;23;30
23;27;27;25;25;40;26;16;20;25;27;20;23;33;28;24;20;27;21
24;27;31;26;27;25;38;28;17;19;24;24;21;22;31;27;24;21;23
25;34;32;31;23;29;22;35;29;18;20;23;23;21;21;31;29;26;21
26;37;38;31;36;23;28;23;35;34;18;20;23;24;22;21;33;28;25
27;25;37;36;33;32;22;25;23;34;32;16;21;22;23;22;26;35;28
28;30;24;37;38;31;31;22;26;25;36;34;18;20;21;22;24;25;35
29;30;32;22;37;38;30;30;24;26;24;39;35;17;21;21;25;24;25
30;35;32;36;22;39;39;29;27;24;26;23;40;33;14;21;27;26;23
31;23;37;34;34;21;39;42;28;28;24;29;23;37;32;16;23;26;26
32;33;25;37;32;31;25;40;49;29;31;22;30;24;37;31;17;21;24
33;30;35;23;38;30;32;21;41;49;30;33;21;31;26;30;36;21;22
34;32;33;33;23;35;32;33;21;39;48;29;32;24;29;25;33;35;21
35;17;32;33;36;23;35;34;36;21;34;46;28;33;25;27;25;35;35
36;39;21;30;34;38;25;35;37;42;26;36;42;28;35;25;27;28;33
37;44;42;20;30;40;39;24;34;38;41;26;37;43;25;35;24;28;26
38;41;45;42;19;26;37;37;26;34;36;39;28;35;46;26;36;25;23
39;26;42;44;41;22;26;35;34;28;38;34;39;28;34;46;25;35;24
40;27;26;45;44;42;21;26;35;36;28;38;34;39;25;31;48;24;33
41;35;29;30;46;44;38;21;31;34;39;27;39;32;41;24;37;45;25
42;41;35;30;28;44;43;38;21;32;34;37;25;41;35;36;23;37;43
43;22;40;36;34;29;45;44;40;24;32;32;36;27;40;34;37;23;38
44;24;20;40;35;33;28;44;44;39;24;32;34;37;31;39;35;36;25
45;35;23;20;41;33;33;31;45;45;40;25;32;33;36;30;40;34;35
46;24;36;22;20;41;31;31;28;46;46;39;27;32;33;35;33;39;35
47;31;27;34;22;20;39;34;32;28;45;46;38;28;32;32;37;30;39
48;41;31;29;32;23;21;39;32;32;28;45;46;39;24;29;33;35;32
49;30;41;31;26;32;23;21;39;32;29;28;41;47;39;23;30;34;35
50;17;30;42;31;26;32;25;21;40;34;28;28;40;47;38;25;29;35
51;29;19;30;42;32;27;33;24;21;41;35;28;27;40;46;39;23;28
52;27;28;19;30;40;33;27;33;23;21;40;35;27;29;40;48;38;24
53;26;26;30;19;29;42;33;26;34;25;21;41;37;25;29;39;50;38
54;26;26;25;30;19;29;43;33;25;34;25;20;41;35;24;28;42;50
55;26;26;26;25;29;19;30;42;34;26;35;24;20;41;35;28;28;41
56;20;26;25;27;25;30;19;31;41;35;26;34;23;21;40;36;28;28
57;18;20;26;25;27;25;30;18;31;41;34;26;32;23;20;40;36;28
58;21;17;20;26;24;27;25;29;18;31;40;35;26;31;25;20;40;35
59;29;21;16;20;26;24;26;24;31;19;30;39;34;26;31;25;19;39
60;17;30;21;17;20;26;24;26;25;30;19;28;38;34;26;30;25;19
61;20;17;29;20;19;21;26;24;26;24;31;18;27;38;34;25;32;25
62;28;21;18;30;20;20;21;26;24;26;25;29;18;27;39;32;24;32
63;26;28;22;17;29;18;21;20;26;24;26;25;29;16;28;39;32;23
64;28;26;28;23;19;29;17;20;19;27;24;26;25;29;16;29;39;31
65;15;28;25;27;23;18;29;17;20;18;24;25;25;26;26;16;29;39
66;20;15;28;27;27;23;18;29;18;19;18;24;25;25;26;25;16;28
67;22;20;15;27;27;24;23;16;27;18;18;17;24;25;25;25;25;16
68;20;22;19;16;26;27;24;21;16;25;18;18;17;24;25;24;24;25
69;19;20;22;22;18;26;23;24;20;17;25;16;17;18;22;25;24;24
70;17;19;20;22;21;18;26;25;23;22;16;25;15;18;17;22;25;26
71;20;17;19;18;19;21;19;26;23;22;22;16;23;15;18;16;22;25
72;17;19;17;20;18;18;20;19;27;23;21;23;16;22;15;18;16;22
73;21;17;19;16;19;17;18;20;18;25;23;21;20;16;21;15;18;16
74;14;19;16;19;16;19;15;18;22;16;25;22;21;20;15;21;15;19
75;24;15;20;15;19;14;16;15;18;21;16;25;21;21;19;14;20;15
76;14;24;14;17;13;19;14;16;13;17;19;16;25;19;21;17;15;19
77;19;14;24;12;15;11;19;15;15;13;16;20;15;24;17;21;17;15
78;12;19;13;22;12;14;13;19;15;15;13;16;18;14;21;17;20;15
79;12;13;13;12;22;13;14;13;19;15;14;12;16;18;14;19;16;19
80;11;12;12;12;14;21;12;13;11;15;14;14;11;15;17;12;17;15
81;11;9;11;8;10;13;21;12;13;11;14;13;14;10;13;19;12;17
82;8;7;6;12;7;9;9;21;11;13;10;14;13;13;7;14;19;11
83;6;6;5;7;12;6;8;8;16;9;12;8;13;11;12;5;11;17
84;3;6;4;6;6;11;4;7;7;14;8;11;6;12;11;11;4;11
85;7;1;7;3;4;5;9;2;7;6;14;8;9;6;8;10;11;4
86;4;5;0;7;1;4;5;8;1;8;6;15;7;9;6;8;10;10
87;4;4;5;0;3;0;4;7;6;2;7;5;13;6;6;5;6;10
88;4;4;3;2;0;3;0;1;7;6;3;5;2;11;5;6;4;4
89;6;2;5;2;2;0;1;1;1;4;5;3;3;2;9;4;5;4
90;1;3;2;5;2;1;0;1;2;1;4;4;3;3;2;7;3;4
91;5;1;3;2;5;2;1;0;1;1;0;3;2;3;3;2;5;3
92;4;5;1;0;2;3;2;1;0;1;1;0;3;2;3;2;3;4
93;0;0;5;1;1;1;3;1;1;0;1;1;0;3;1;2;2;1
94;0;0;0;5;0;1;1;3;0;1;0;0;0;0;2;1;2;1
95;1;0;0;0;2;0;1;1;2;0;1;0;0;0;0;2;0;2
96;0;0;0;0;0;1;0;1;0;2;0;0;0;0;0;0;0;0
97;1;0;0;0;0;0;1;0;1;0;1;0;0;0;0;0;0;0
98;0;0;0;0;0;0;0;1;0;1;0;1;0;0;0;0;0;0
99;0;0;0;0;0;0;0;0;0;0;0;0;1;0;0;0;0;0
100 e oltre;0;0;0;0;0;0;0;0;0;0;0;0;0;1;0;0;0;0
Totale;2075;2114;2128;2144;2150;2142;2144;2173;2198;2227;2212;2203;2192;2191;2138;2210;2201;2179
Età/Anno;2002;2003;2004;2005;2006;2007;2008;2009;2010;2011;2012;2013;2014;2015;2016;2017;2018;2019
Età;Femmine
0;18;18;23;19;25;25;20;18;24;17;36;24;15;16;14;17;17;15
1;24;21;19;23;21;25;28;20;19;22;17;33;24;15;16;14;17;18
2;15;21;24;20;21;20;24;31;20;20;23;16;35;26;15;16;14;17
3;17;15;25;22;20;25;21;24;29;20;20;21;15;37;28;15;17;16
4;11;16;15;24;22;22;24;21;23;27;18;20;21;17;37;27;16;17
5;21;11;17;15;26;21;21;24;19;24;27;18;20;21;14;37;28;17
6;20;20;12;15;17;26;22;20;22;18;23;28;18;20;21;15;36;29
7;19;21;20;13;15;15;24;23;19;26;18;21;28;19;20;22;17;34
8;21;19;21;21;12;17;14;20;23;19;26;21;22;28;19;19;21;16
9;19;19;20;22;21;10;16;14;20;21;18;26;20;20;28;19;19;23
10;14;20;19;19;23;21;10;16;14;27;21;17;26;20;20;29;19;19
11;20;14;17;20;19;22;24;10;19;15;26;20;19;25;19;22;29;18
12;21;22;14;17;20;19;22;23;9;22;15;26;21;19;26;21;22;25
13;20;21;22;14;18;18;19;22;22;11;22;15;26;21;15;27;21;24
14;20;20;21;22;14;18;20;21;25;25;9;23;15;26;22;16;26;19
15;23;21;20;22;21;15;19;20;20;25;22;9;19;14;26;22;16;26
16;19;25;21;20;22;21;14;19;20;21;24;21;9;19;16;26;19;16
17;20;21;25;25;23;22;21;14;19;20;21;20;21;8;19;15;26;17
18;23;20;21;26;24;23;21;20;17;19;20;21;21;21;10;19;15;27
19;33;27;18;22;26;25;22;22;20;17;19;20;22;21;18;10;18;15
20;25;35;26;19;21;26;20;21;21;20;18;20;21;20;20;18;11;20
21;24;25;35;26;22;22;26;20;22;23;21;18;23;21;19;19;19;11
22;26;25;30;35;26;21;21;27;21;22;22;21;17;22;21;17;17;21
23;24;24;24;31;36;27;22;21;26;21;23;21;21;19;22;19;16;17
24;25;23;28;27;33;40;20;22;21;25;25;23;25;21;20;19;18;17
25;31;29;27;22;30;32;39;20;25;24;26;26;22;28;20;20;16;19
26;28;37;28;32;23;29;29;38;22;26;24;25;23;27;29;19;20;15
27;27;30;34;30;33;26;28;30;37;21;28;25;27;24;26;28;20;21
28;33;26;34;34;34;38;26;29;32;37;23;29;28;26;22;27;27;21
29;32;35;27;32;36;32;40;28;30;29;35;25;28;29;23;23;26;28
30;20;32;37;31;29;34;34;42;31;30;33;31;26;27;27;26;25;26
31;22;20;34;37;31;27;38;30;43;33;29;35;32;24;27;22;25;24
32;37;22;19;33;34;31;26;41;34;44;32;27;34;31;23;27;21;25
33;34;36;21;17;31;32;29;27;40;35;42;29;26;32;33;24;27;21
34;26;34;32;20;19;31;33;30;29;40;31;39;30;25;33;33;22;27
35;28;27;35;30;28;21;30;32;29;33;44;29;40;30;26;31;33;20
36;32;30;29;34;32;29;17;30;33;29;30;41;30;39;30;26;32;31
37;45;33;30;29;34;33;29;17;29;32;30;30;40;31;43;31;28;33
38;34;45;32;31;27;34;30;31;18;31;30;33;30;40;32;44;31;32
39;32;33;45;32;32;27;36;32;32;19;30;31;35;29;37;32;40;31
40;29;33;34;45;33;32;27;36;35;34;19;29;30;34;28;38;34;41
41;26;31;35;35;46;33;36;28;35;38;35;19;29;31;33;28;40;34
42;36;27;30;32;34;49;32;35;28;33;39;37;22;33;30;32;30;42
43;29;36;28;32;31;35;48;31;34;30;35;39;37;23;29;31;31;30
44;27;30;35;29;33;30;33;48;34;32;32;35;39;37;22;31;31;30
45;25;28;32;34;30;32;32;31;47;35;33;33;35;39;35;22;33;31
46;23;28;27;31;34;31;34;33;31;47;35;33;33;36;39;32;20;31
47;22;24;28;27;32;33;29;36;30;30;46;35;33;32;35;38;30;20
48;34;21;24;27;27;35;33;30;39;30;28;46;35;33;31;35;40;30
49;19;33;21;23;27;27;33;33;30;39;30;29;45;34;32;31;34;45
50;35;19;34;22;23;28;30;36;33;30;36;30;28;44;33;31;32;36
51;35;37;19;37;22;22;28;30;35;35;29;35;30;30;45;34;33;33
52;28;36;35;19;36;22;22;28;30;35;34;29;35;30;29;44;33;34
53;24;28;37;36;19;36;23;22;28;31;37;35;29;35;29;28;44;33
54;16;24;27;39;35;21;36;24;24;26;32;35;37;28;35;30;27;43
55;24;15;25;28;39;35;22;35;25;23;27;31;32;35;26;35;31;27
56;18;23;15;26;28;38;37;22;35;25;23;27;27;32;36;26;34;31
57;22;18;24;16;27;28;36;36;22;35;25;22;27;28;29;36;26;35
58;24;22;18;23;16;28;30;35;36;22;35;25;22;25;28;29;35;25
59;13;25;22;18;23;16;28;29;35;35;21;35;25;23;25;29;29;32
60;25;12;22;22;17;23;17;29;29;36;37;21;34;24;22;25;29;34
61;19;25;12;22;22;17;23;18;29;29;36;36;21;34;23;23;25;28
62;27;19;27;12;21;21;19;24;18;29;27;36;32;21;35;22;22;25
63;31;25;19;27;12;22;22;19;23;18;28;26;36;32;21;35;19;22
64;20;30;25;21;28;12;22;22;20;24;18;28;26;35;35;23;36;19
65;19;19;32;25;21;27;12;22;22;20;23;18;28;26;34;35;23;36
66;25;19;15;33;25;20;27;12;21;22;19;23;17;28;26;33;35;23
67;22;25;19;15;33;25;22;27;12;21;21;19;23;17;28;26;32;35
68;29;24;25;20;15;34;25;20;25;12;20;21;20;24;17;28;24;32
69;24;29;24;25;20;14;34;26;20;23;12;19;22;19;24;16;28;24
70;23;22;29;23;24;19;14;33;24;20;22;12;19;22;20;22;15;28
71;28;23;22;28;22;24;19;14;33;24;20;21;12;19;22;20;22;15
72;27;28;22;23;28;22;24;20;14;30;23;20;20;12;19;22;20;22
73;26;27;29;22;23;28;22;24;19;14;30;23;20;20;11;19;22;19
74;26;27;24;30;22;23;28;21;24;17;14;30;24;22;20;11;19;21
75;28;25;26;23;30;21;23;29;20;24;18;14;29;25;21;19;12;19
76;17;27;23;24;23;28;20;23;29;22;24;17;13;28;24;20;19;11
77;26;16;27;22;24;22;28;20;22;29;20;24;16;12;27;24;20;20
78;21;25;16;25;20;23;22;27;20;22;28;17;24;16;12;27;23;20
79;22;21;23;16;25;20;24;22;26;20;20;27;16;24;14;11;27;21
80;20;23;21;19;14;23;20;24;22;26;20;21;27;16;23;14;12;27
81;14;19;23;23;19;13;23;20;23;22;25;19;20;26;16;25;14;11
82;11;14;17;23;23;19;12;22;22;22;22;25;19;20;24;16;22;14
83;6;10;15;18;21;21;17;11;21;20;22;21;23;19;20;22;14;22
84;11;5;9;15;15;18;20;18;11;20;19;18;20;21;18;19;20;13
85;8;6;6;9;14;14;14;17;17;11;17;17;18;20;19;18;15;19
86;8;8;5;6;8;13;15;14;18;16;9;15;15;20;18;17;17;15
87;6;8;6;5;6;6;10;13;13;15;15;9;14;13;18;16;17;15
88;9;5;10;6;4;4;5;11;11;13;12;14;9;13;13;15;15;13
89;7;7;2;8;6;3;4;5;10;10;12;12;10;10;9;13;15;13
90;7;5;7;2;8;6;2;3;5;9;9;8;10;9;7;8;13;13
91;12;3;5;6;0;7;5;2;2;5;7;9;6;10;9;7;9;11
92;3;10;2;5;5;0;6;4;2;1;3;5;5;5;7;7;5;8
93;2;2;8;2;2;2;0;4;3;2;1;3;5;5;4;5;5;4
94;1;2;2;4;2;2;2;0;4;2;2;1;2;3;4;4;5;4
95;0;1;1;1;3;2;2;2;1;3;1;1;0;2;1;3;3;4
96;0;0;1;1;1;1;1;1;2;0;2;1;1;0;2;1;3;3
97;0;0;0;0;1;1;0;0;1;2;0;0;1;1;0;2;1;3
98;1;0;0;0;0;1;1;0;0;1;0;0;0;1;0;0;1;0
99;1;0;0;0;0;0;1;0;0;0;1;0;0;0;1;0;0;0
100 e oltre;0;1;1;1;0;0;0;0;0;0;0;1;1;0;0;0;0;0
Totale;2104;2128;2153;2174;2203;2214;2215;2231;2262;2291;2291;2269;2263;2274;2233;2226;2212;2217

"Ricostruzione della popolazione intercensuaria - Popolazione al 1° gennaio per età"
"Cittadinanza italiana - Comune: Acqualagna"
Età/Anno;2002;2003;2004;2005;2006;2007;2008;2009;2010;2011;2012;2013;2014;2015;2016;2017;2018;2019
Età;Totale
0;39;32;40;29;41;37;33;30;41;35;44;40;36;33;32;29;34;27
1;44;41;34;43;32;42;40;33;29;40;36;43;45;36;33;29;29;35
2;37;41;43;35;43;32;41;40;35;32;40;39;44;47;36;32;28;29
3;29;36;45;40;37;47;33;40;37;38;33;38;39;49;48;36;29;30
4;36;28;35;45;42;39;43;32;41;38;37;33;38;39;48;47;34;29
5;44;36;27;36;46;41;38;43;32;40;38;38;35;41;36;50;48;34
6;39;43;39;25;38;47;40;37;42;34;40;38;39;38;39;36;49;49
7;38;38;43;40;26;35;43;40;37;43;34;41;38;40;39;40;38;48
8;37;38;38;44;39;28;36;42;40;37;43;37;42;40;41;40;39;37
9;38;36;40;38;44;37;27;36;42;39;35;45;37;41;40;43;38;42
10;39;39;36;39;39;45;37;27;35;46;40;34;48;38;43;39;45;39
11;48;39;38;36;38;40;49;37;28;35;45;40;37;48;37;44;37;42
12;41;50;40;38;37;40;41;47;36;30;35;45;41;37;48;38;45;36
13;41;40;51;41;38;34;39;42;46;36;30;35;47;42;35;48;37;45
14;39;42;40;51;41;38;36;40;42;45;35;30;35;48;42;34;47;36
15;42;39;42;41;49;41;39;38;40;42;43;35;28;34;48;42;34;48
16;42;43;39;42;41;51;40;39;38;40;42;42;35;29;35;48;40;34
17;33;43;43;40;44;42;50;40;40;38;40;40;43;34;28;34;48;38
18;46;33;40;43;41;43;41;51;38;40;38;40;40;43;36;28;34;48
19;63;48;31;41;43;41;43;41;52;38;40;37;41;40;41;36;28;35
20;47;66;47;33;40;42;39;42;41;51;38;41;37;42;40;41;37;30
21;49;48;66;46;35;40;44;38;41;42;51;38;42;37;41;39;43;38
22;50;49;52;66;47;34;40;44;39;41;42;52;40;42;37;39;38;44
23;46;50;48;51;68;47;36;39;43;40;41;40;51;41;41;35;38;36
24;51;47;46;51;52;67;45;35;38;42;41;42;43;49;44;39;34;37
25;64;52;47;39;53;49;67;48;38;38;43;41;41;45;48;45;36;36
26;63;70;51;55;39;49;49;63;52;39;39;44;39;46;45;47;45;38
27;48;65;65;52;54;41;47;48;63;52;40;39;44;40;45;44;45;43
28;58;46;68;66;52;56;38;49;48;66;54;43;41;42;39;48;43;46
29;61;58;44;64;66;50;57;40;51;46;65;55;41;42;41;40;46;44
30;53;61;61;45;63;63;53;54;41;51;50;61;55;39;42;45;44;45
31;42;54;63;62;42;61;71;48;56;43;50;51;60;54;39;40;44;44
32;65;42;52;63;56;43;62;77;51;60;42;49;51;61;53;42;39;44
33;61;65;39;52;60;55;43;62;77;51;61;43;49;52;54;53;45;40
34;54;59;62;38;50;60;55;43;61;79;49;58;45;51;51;53;51;46
35;44;54;61;62;47;53;60;58;41;59;80;47;58;46;48;49;55;49
36;67;48;53;62;65;50;49;59;62;48;58;74;48;57;46;45;53;53
37;84;67;47;53;65;68;49;49;59;61;49;59;74;47;59;45;48;53
38;73;84;66;48;50;62;63;50;48;58;58;51;62;74;50;63;47;48
39;56;71;83;67;51;48;62;62;50;51;56;58;51;62;70;49;62;47
40;53;57;75;82;69;52;48;62;63;50;52;54;58;51;59;72;51;63
41;56;56;61;78;84;66;55;49;60;65;52;53;56;61;50;63;75;50
42;75;58;57;56;76;86;65;53;50;61;65;54;55;59;60;49;62;74
43;51;75;60;61;56;77;88;68;51;53;64;66;56;54;57;60;46;62
44;48;50;74;60;62;55;73;90;66;50;56;65;69;60;53;58;58;47
45;59;47;51;73;59;60;58;73;89;68;52;56;64;66;61;53;58;57
46;47;62;45;51;73;58;58;56;73;88;67;53;57;65;66;58;51;60
47;52;50;60;45;52;71;58;60;55;72;86;67;54;56;64;67;54;52
48;75;51;52;57;45;55;70;56;63;55;70;86;68;52;57;64;66;56
49;49;74;51;48;57;45;54;70;58;60;56;70;88;69;51;58;64;67
50;52;49;75;52;48;57;49;54;71;60;57;55;68;88;68;50;58;64
51;64;56;49;76;54;48;58;49;54;73;60;57;56;68;88;69;49;56
52;55;64;54;49;74;54;48;58;48;54;72;60;57;58;68;88;67;50
53;50;54;64;54;48;76;54;47;60;51;54;73;62;55;57;67;88;67
54;42;50;52;64;54;50;76;55;48;59;51;51;74;62;55;58;69;86
55;50;41;50;53;64;54;51;76;56;48;60;50;50;72;61;57;58;67
56;38;49;40;51;53;64;55;52;75;57;48;59;49;51;71;62;56;58
57;40;38;50;40;52;53;62;52;52;75;58;46;59;49;48;70;62;57
58;45;39;38;49;39;53;54;62;52;52;74;57;46;56;51;48;70;60
59;41;46;38;38;49;39;53;53;64;52;51;73;57;47;56;52;47;67
60;42;41;43;39;37;49;39;54;53;63;53;49;72;56;46;55;52;50
61;38;42;40;42;41;37;49;39;54;52;63;51;48;72;55;45;57;51
62;55;39;44;41;41;41;39;49;39;54;51;62;49;48;74;52;45;57
63;55;53;39;43;40;39;43;38;48;39;54;50;63;47;49;74;50;44
64;48;54;53;42;46;40;38;42;38;49;39;54;50;62;49;50;75;49
65;34;47;55;52;42;44;40;38;42;37;46;40;53;51;58;49;50;75
66;45;34;43;57;52;41;44;40;38;40;36;46;39;53;51;56;49;49
67;44;45;34;42;57;49;42;42;38;38;39;35;46;39;53;50;55;49
68;48;46;44;35;41;57;49;38;40;36;37;39;36;47;39;52;48;55
69;42;48;46;46;37;40;54;49;37;39;36;34;39;36;45;38;52;48
70;40;40;48;45;44;36;40;53;47;40;37;36;33;40;36;44;37;54
71;47;40;40;45;41;44;37;40;52;46;40;36;34;33;40;35;44;37
72;44;46;39;42;45;40;44;38;40;51;44;41;36;33;33;39;35;44
73;47;44;47;38;41;44;40;44;36;38;51;44;38;36;32;33;39;34
74;40;46;40;48;38;41;42;38;45;32;38;50;44;39;35;32;33;39
75;52;40;46;38;48;35;38;42;37;44;33;38;48;45;39;33;32;33
76;31;51;37;41;36;46;34;38;40;38;42;32;37;45;45;36;34;30
77;45;30;51;34;39;33;46;35;36;40;35;43;30;35;42;45;36;34
78;33;44;29;47;32;37;35;46;35;36;39;32;41;29;32;42;43;34
79;34;34;36;28;47;33;38;35;45;35;33;37;31;41;27;29;41;40
80;31;35;33;31;28;44;32;37;33;41;34;34;36;30;40;25;28;40
81;25;28;33;30;29;26;44;32;36;33;39;32;33;34;28;44;25;28
82;19;21;23;34;29;28;21;43;33;35;32;39;32;32;29;29;41;24
83;12;15;20;25;33;26;25;19;37;29;34;29;35;30;31;25;25;39
84;14;11;12;21;21;29;23;25;18;34;27;29;26;32;29;29;23;24
85;15;7;13;11;18;19;23;19;24;17;31;25;27;26;27;28;25;22
86;12;13;5;13;8;17;20;22;19;24;15;30;22;29;24;25;27;24
87;10;12;11;5;9;5;14;20;19;17;22;14;27;19;24;21;23;25
88;13;9;13;8;4;7;4;12;18;19;15;19;11;24;18;21;19;17
89;13;9;7;10;8;3;5;5;11;14;17;15;13;12;18;17;20;17
90;8;8;9;7;10;7;2;4;6;10;13;12;13;12;9;15;16;17
91;17;4;8;8;5;9;6;2;3;5;7;12;8;13;12;9;14;14
92;7;15;3;5;7;3;8;5;2;2;4;5;8;7;10;9;8;12
93;2;2;13;3;3;3;3;5;4;2;2;4;5;8;5;7;7;5
94;1;2;2;9;2;3;3;3;4;3;2;1;2;3;6;5;7;5
95;1;1;1;1;5;2;3;3;3;3;2;1;0;2;1;5;3;6
96;0;0;1;1;1;2;1;2;2;2;2;1;1;0;2;1;3;3
97;1;0;0;0;1;1;1;0;2;2;1;0;1;1;0;2;1;3
98;1;0;0;0;0;1;1;1;0;2;0;1;0;1;0;0;1;0
99;1;0;0;0;0;0;1;0;0;0;1;0;1;0;1;0;0;0
100 e oltre;0;1;1;1;0;0;0;0;0;0;0;1;1;1;0;0;0;0
Totale;4060;4064;4063;4067;4088;4072;4076;4075;4093;4128;4126;4114;4132;4168;4113;4103;4086;4073
Età/Anno;2002;2003;2004;2005;2006;2007;2008;2009;2010;2011;2012;2013;2014;2015;2016;2017;2018;2019
Età;Maschi
0;23;18;19;14;23;15;17;16;18;21;14;20;22;18;18;14;18;12
1;21;23;19;22;16;24;14;18;14;20;22;16;23;21;18;16;15;19
2;23;22;23;19;22;16;24;14;20;16;20;24;16;23;21;17;15;15
3;14;22;22;21;21;22;14;23;13;21;17;19;24;17;22;21;14;15
4;25;14;21;22;23;21;19;14;24;14;22;16;19;23;16;21;18;14
5;25;25;13;22;22;23;21;19;15;24;15;22;16;21;22;17;21;18
6;19;25;27;13;22;23;21;21;20;17;24;14;22;19;20;21;17;22
7;19;19;25;27;14;21;21;21;21;20;17;24;14;23;20;21;21;18
8;17;19;19;26;27;14;23;22;21;21;20;18;25;15;24;21;19;21
9;21;17;21;19;26;27;14;23;22;21;20;21;18;25;14;26;19;20
10;26;21;17;21;20;27;27;14;22;21;22;20;23;19;27;13;27;20
11;28;26;21;17;20;22;28;27;13;21;20;22;21;23;19;26;11;25
12;22;30;27;21;18;22;23;26;27;13;21;20;22;21;22;18;26;12
13;22;21;31;28;21;16;21;22;26;27;13;21;21;22;21;21;17;25
14;20;22;21;31;28;21;16;20;22;25;27;13;21;22;22;20;21;17
15;19;20;22;21;30;27;21;18;20;22;25;27;13;21;22;22;20;22
16;24;18;20;22;21;32;27;21;18;20;22;25;27;13;21;22;22;20
17;13;24;18;19;22;22;31;27;22;18;20;21;25;27;11;20;22;22
18;25;13;21;18;20;21;22;32;25;22;18;20;21;25;27;11;20;21
19;32;25;13;22;18;20;21;21;33;25;22;17;20;21;25;27;12;21
20;24;33;25;14;22;18;20;21;23;32;25;22;17;22;21;25;27;12
21;25;25;33;24;14;21;20;20;20;23;32;24;23;17;22;21;26;28
22;25;24;25;33;25;14;21;20;21;20;24;32;26;23;17;22;21;26
23;24;26;24;24;35;25;15;20;20;20;20;22;31;26;22;17;22;19
24;27;26;23;26;24;33;27;14;19;21;20;21;21;29;27;21;17;21
25;34;28;25;21;28;22;33;28;15;20;21;20;21;20;29;27;21;18
26;35;36;28;29;21;25;23;33;31;15;19;21;19;22;19;29;27;23
27;21;35;34;28;26;21;23;23;34;31;15;18;21;19;22;19;29;26
28;29;20;36;34;26;27;19;24;23;36;32;16;18;20;19;24;19;29
29;29;30;18;34;34;26;26;20;24;21;38;32;16;19;20;20;24;19
30;34;29;31;18;36;35;26;22;21;24;21;38;30;14;19;21;22;23
31;22;35;30;30;17;35;38;25;23;21;23;21;37;31;15;19;21;23
32;31;24;34;31;28;17;37;41;24;26;19;24;22;37;31;16;19;21
33;29;32;22;35;30;30;17;36;42;24;28;19;25;24;29;32;18;20
34;29;28;32;21;33;30;29;16;35;43;24;27;20;27;22;27;32;19
35;17;28;28;33;21;33;32;31;17;31;41;24;26;20;25;22;28;32
36;37;19;27;28;34;22;33;31;35;23;30;38;25;27;20;23;24;27
37;40;37;18;27;31;36;21;33;32;34;22;31;40;24;27;18;23;24
38;40;40;37;18;24;28;34;22;33;31;32;23;33;41;25;29;20;20
39;26;39;39;37;20;22;28;32;23;35;29;31;23;34;40;24;28;20
40;25;26;42;39;38;20;22;29;33;23;35;29;32;22;31;41;24;28
41;33;26;30;44;40;34;20;22;28;34;24;36;31;34;21;36;41;24
42;39;34;27;28;43;39;34;20;23;30;33;24;38;34;32;20;36;39
43;22;39;34;30;28;44;41;37;20;24;31;33;26;37;33;33;19;36
44;22;20;39;34;31;27;42;43;35;21;26;32;34;29;35;34;31;21
45;34;21;20;39;33;30;28;42;43;36;23;26;32;33;29;35;33;31
46;24;34;20;20;39;30;28;26;42;42;35;23;27;32;32;29;34;34
47;31;26;32;20;20;38;31;28;25;42;42;34;23;26;31;34;27;34
48;41;31;28;30;20;21;37;29;29;25;42;42;35;22;27;30;32;29
49;30;41;31;25;30;20;21;37;31;26;26;41;44;37;22;28;31;32
50;17;30;42;31;25;30;22;21;38;33;25;26;40;45;36;22;28;31
51;29;19;30;42;32;26;31;22;21;39;33;25;26;40;44;37;20;26
52;27;28;19;30;40;32;26;31;21;21;38;33;25;28;40;45;36;20
53;26;26;27;19;29;42;32;25;33;22;21;39;35;23;28;39;45;36
54;26;26;25;27;19;29;42;32;24;33;22;20;39;35;23;28;42;44
55;26;26;26;25;27;19;30;42;32;25;34;22;20;39;35;25;28;40
56;20;26;25;26;25;28;19;31;41;33;25;33;22;21;39;36;25;28
57;18;20;26;25;26;25;28;18;31;41;34;24;32;22;20;39;36;25
58;21;17;20;26;24;26;25;28;18;31;40;34;24;31;24;20;39;35
59;29;21;16;20;26;24;26;24;30;19;30;39;34;24;31;24;19;38
60;17;30;21;17;20;26;24;26;25;29;19;28;38;34;24;30;24;19
61;19;17;29;20;19;20;26;24;26;24;29;18;27;38;34;24;32;24
62;28;20;18;30;20;20;20;26;24;26;25;28;18;27;39;32;24;32
63;25;28;20;17;29;18;21;19;26;24;26;25;29;16;28;39;32;23
64;28;25;28;21;19;29;17;20;18;27;24;26;25;29;16;29;39;31
65;15;28;24;27;21;18;29;17;20;17;24;25;25;26;26;16;29;39
66;20;15;28;26;27;21;18;29;18;19;17;24;24;25;26;25;16;28
67;22;20;15;27;26;24;21;16;27;18;18;16;24;24;25;25;25;16
68;20;22;19;15;26;26;24;19;16;25;18;18;16;24;24;24;24;25
69;19;20;22;21;17;26;23;24;19;17;25;16;17;17;22;24;24;24
70;17;19;20;22;20;17;26;23;23;21;16;25;15;18;16;22;24;26
71;20;17;19;18;19;20;18;26;22;22;21;16;23;15;18;15;22;24
72;17;19;17;20;18;18;20;18;27;22;21;22;16;22;15;18;15;22
73;21;17;19;16;19;17;18;20;17;25;22;21;19;16;21;15;18;15
74;14;19;16;19;16;19;15;17;21;15;25;21;21;19;15;21;15;18
75;24;15;20;15;19;14;16;15;17;20;15;25;20;21;19;14;20;15
76;14;24;14;17;13;19;14;16;13;16;18;15;25;18;21;17;15;19
77;19;14;24;12;15;11;19;15;15;13;15;19;14;24;16;21;17;15
78;12;19;13;22;12;14;13;19;15;15;13;15;17;13;21;16;20;15
79;12;13;13;12;22;13;14;13;19;15;14;12;15;17;13;19;15;19
80;11;12;12;12;14;21;12;13;11;15;14;14;11;14;17;11;17;14
81;11;9;11;8;10;13;21;12;13;11;14;13;14;10;12;19;11;17
82;8;7;6;12;7;9;9;21;11;13;10;14;13;13;7;13;19;10
83;6;6;5;7;12;6;8;8;16;9;12;8;12;11;12;5;11;17
84;3;6;4;6;6;11;4;7;7;14;8;11;6;11;11;11;4;11
85;7;1;7;3;4;5;9;2;7;6;14;8;9;6;8;10;11;4
86;4;5;0;7;1;4;5;8;1;8;6;15;7;9;6;8;10;10
87;4;4;5;0;3;0;4;7;6;2;7;5;13;6;6;5;6;10
88;4;4;3;2;0;3;0;1;7;6;3;5;2;11;5;6;4;4
89;6;2;5;2;2;0;1;1;1;4;5;3;3;2;9;4;5;4
90;1;3;2;5;2;1;0;1;2;1;4;4;3;3;2;7;3;4
91;5;1;3;2;5;2;1;0;1;1;0;3;2;3;3;2;5;3
92;4;5;1;0;2;3;2;1;0;1;1;0;3;2;3;2;3;4
93;0;0;5;1;1;1;3;1;1;0;1;1;0;3;1;2;2;1
94;0;0;0;5;0;1;1;3;0;1;0;0;0;0;2;1;2;1
95;1;0;0;0;2;0;1;1;2;0;1;0;0;0;0;2;0;2
96;0;0;0;0;0;1;0;1;0;2;0;0;0;0;0;0;0;0
97;1;0;0;0;0;0;1;0;1;0;1;0;0;0;0;0;0;0
98;0;0;0;0;0;0;0;1;0;1;0;1;0;0;0;0;0;0
99;0;0;0;0;0;0;0;0;0;0;0;0;1;0;0;0;0;0
100 e oltre;0;0;0;0;0;0;0;0;0;0;0;0;0;1;0;0;0;0
Totale;2015;2021;2016;2016;2026;2011;2010;2009;2024;2045;2041;2039;2053;2077;2039;2040;2032;2025
Età/Anno;2002;2003;2004;2005;2006;2007;2008;2009;2010;2011;2012;2013;2014;2015;2016;2017;2018;2019
Età;Femmine
0;16;14;21;15;18;22;16;14;23;14;30;20;14;15;14;15;16;15
1;23;18;15;21;16;18;26;15;15;20;14;27;22;15;15;13;14;16
2;14;19;20;16;21;16;17;26;15;16;20;15;28;24;15;15;13;14
3;15;14;23;19;16;25;19;17;24;17;16;19;15;32;26;15;15;15
4;11;14;14;23;19;18;24;18;17;24;15;17;19;16;32;26;16;15
5;19;11;14;14;24;18;17;24;17;16;23;16;19;20;14;33;27;16
6;20;18;12;12;16;24;19;16;22;17;16;24;17;19;19;15;32;27
7;19;19;18;13;12;14;22;19;16;23;17;17;24;17;19;19;17;30
8;20;19;19;18;12;14;13;20;19;16;23;19;17;25;17;19;20;16
9;17;19;19;19;18;10;13;13;20;18;15;24;19;16;26;17;19;22
10;13;18;19;18;19;18;10;13;13;25;18;14;25;19;16;26;18;19
11;20;13;17;19;18;18;21;10;15;14;25;18;16;25;18;18;26;17
12;19;20;13;17;19;18;18;21;9;17;14;25;19;16;26;20;19;24
13;19;19;20;13;17;18;18;20;20;9;17;14;26;20;14;27;20;20
14;19;20;19;20;13;17;20;20;20;20;8;17;14;26;20;14;26;19
15;23;19;20;20;19;14;18;20;20;20;18;8;15;13;26;20;14;26
16;18;25;19;20;20;19;13;18;20;20;20;17;8;16;14;26;18;14
17;20;19;25;21;22;20;19;13;18;20;20;19;18;7;17;14;26;16
18;21;20;19;25;21;22;19;19;13;18;20;20;19;18;9;17;14;27
19;31;23;18;19;25;21;22;20;19;13;18;20;21;19;16;9;16;14
20;23;33;22;19;18;24;19;21;18;19;13;19;20;20;19;16;10;18
21;24;23;33;22;21;19;24;18;21;19;19;14;19;20;19;18;17;10
22;25;25;27;33;22;20;19;24;18;21;18;20;14;19;20;17;17;18
23;22;24;24;27;33;22;21;19;23;20;21;18;20;15;19;18;16;17
24;24;21;23;25;28;34;18;21;19;21;21;21;22;20;17;18;17;16
25;30;24;22;18;25;27;34;20;23;18;22;21;20;25;19;18;15;18
26;28;34;23;26;18;24;26;30;21;24;20;23;20;24;26;18;18;15
27;27;30;31;24;28;20;24;25;29;21;25;21;23;21;23;25;16;17
28;29;26;32;32;26;29;19;25;25;30;22;27;23;22;20;24;24;17
29;32;28;26;30;32;24;31;20;27;25;27;23;25;23;21;20;22;25
30;19;32;30;27;27;28;27;32;20;27;29;23;25;25;23;24;22;22
31;20;19;33;32;25;26;33;23;33;22;27;30;23;23;24;21;23;21
32;34;18;18;32;28;26;25;36;27;34;23;25;29;24;22;26;20;23
33;32;33;17;17;30;25;26;26;35;27;33;24;24;28;25;21;27;20
34;25;31;30;17;17;30;26;27;26;36;25;31;25;24;29;26;19;27
35;27;26;33;29;26;20;28;27;24;28;39;23;32;26;23;27;27;17
36;30;29;26;34;31;28;16;28;27;25;28;36;23;30;26;22;29;26
37;44;30;29;26;34;32;28;16;27;27;27;28;34;23;32;27;25;29
38;33;44;29;30;26;34;29;28;15;27;26;28;29;33;25;34;27;28
39;30;32;44;30;31;26;34;30;27;16;27;27;28;28;30;25;34;27
40;28;31;33;43;31;32;26;33;30;27;17;25;26;29;28;31;27;35
41;23;30;31;34;44;32;35;27;32;31;28;17;25;27;29;27;34;26
42;36;24;30;28;33;47;31;33;27;31;32;30;17;25;28;29;26;35
43;29;36;26;31;28;33;47;31;31;29;33;33;30;17;24;27;27;26
44;26;30;35;26;31;28;31;47;31;29;30;33;35;31;18;24;27;26
45;25;26;31;34;26;30;30;31;46;32;29;30;32;33;32;18;25;26
46;23;28;25;31;34;28;30;30;31;46;32;30;30;33;34;29;17;26
47;21;24;28;25;32;33;27;32;30;30;44;33;31;30;33;33;27;18
48;34;20;24;27;25;34;33;27;34;30;28;44;33;30;30;34;34;27
49;19;33;20;23;27;25;33;33;27;34;30;29;44;32;29;30;33;35
50;35;19;33;21;23;27;27;33;33;27;32;29;28;43;32;28;30;33
51;35;37;19;34;22;22;27;27;33;34;27;32;30;28;44;32;29;30
52;28;36;35;19;34;22;22;27;27;33;34;27;32;30;28;43;31;30
53;24;28;37;35;19;34;22;22;27;29;33;34;27;32;29;28;43;31
54;16;24;27;37;35;21;34;23;24;26;29;31;35;27;32;30;27;42
55;24;15;24;28;37;35;21;34;24;23;26;28;30;33;26;32;30;27
56;18;23;15;25;28;36;36;21;34;24;23;26;27;30;32;26;31;30
57;22;18;24;15;26;28;34;34;21;34;24;22;27;27;28;31;26;32
58;24;22;18;23;15;27;29;34;34;21;34;23;22;25;27;28;31;25
59;12;25;22;18;23;15;27;29;34;33;21;34;23;23;25;28;28;29
60;25;11;22;22;17;23;15;28;28;34;34;21;34;22;22;25;28;31
61;19;25;11;22;22;17;23;15;28;28;34;33;21;34;21;21;25;27
62;27;19;26;11;21;21;19;23;15;28;26;34;31;21;35;20;21;25
63;30;25;19;26;11;21;22;19;22;15;28;25;34;31;21;35;18;21
64;20;29;25;21;27;11;21;22;20;22;15;28;25;33;33;21;36;18
65;19;19;31;25;21;26;11;21;22;20;22;15;28;25;32;33;21;36
66;25;19;15;31;25;20;26;11;20;21;19;22;15;28;25;31;33;21
67;22;25;19;15;31;25;21;26;11;20;21;19;22;15;28;25;30;33
68;28;24;25;20;15;31;25;19;24;11;19;21;20;23;15;28;24;30
69;23;28;24;25;20;14;31;25;18;22;11;18;22;19;23;14;28;24
70;23;21;28;23;24;19;14;30;24;19;21;11;18;22;20;22;13;28
71;27;23;21;27;22;24;19;14;30;24;19;20;11;18;22;20;22;13
72;27;27;22;22;27;22;24;20;13;29;23;19;20;11;18;21;20;22
73;26;27;28;22;22;27;22;24;19;13;29;23;19;20;11;18;21;19
74;26;27;24;29;22;22;27;21;24;17;13;29;23;20;20;11;18;21
75;28;25;26;23;29;21;22;27;20;24;18;13;28;24;20;19;12;18
76;17;27;23;24;23;27;20;22;27;22;24;17;12;27;24;19;19;11
77;26;16;27;22;24;22;27;20;21;27;20;24;16;11;26;24;19;19
78;21;25;16;25;20;23;22;27;20;21;26;17;24;16;11;26;23;19
79;22;21;23;16;25;20;24;22;26;20;19;25;16;24;14;10;26;21
80;20;23;21;19;14;23;20;24;22;26;20;20;25;16;23;14;11;26
81;14;19;22;22;19;13;23;20;23;22;25;19;19;24;16;25;14;11
82;11;14;17;22;22;19;12;22;22;22;22;25;19;19;22;16;22;14
83;6;9;15;18;21;20;17;11;21;20;22;21;23;19;19;20;14;22
84;11;5;8;15;15;18;19;18;11;20;19;18;20;21;18;18;19;13
85;8;6;6;8;14;14;14;17;17;11;17;17;18;20;19;18;14;18
86;8;8;5;6;7;13;15;14;18;16;9;15;15;20;18;17;17;14
87;6;8;6;5;6;5;10;13;13;15;15;9;14;13;18;16;17;15
88;9;5;10;6;4;4;4;11;11;13;12;14;9;13;13;15;15;13
89;7;7;2;8;6;3;4;4;10;10;12;12;10;10;9;13;15;13
90;7;5;7;2;8;6;2;3;4;9;9;8;10;9;7;8;13;13
91;12;3;5;6;0;7;5;2;2;4;7;9;6;10;9;7;9;11
92;3;10;2;5;5;0;6;4;2;1;3;5;5;5;7;7;5;8
93;2;2;8;2;2;2;0;4;3;2;1;3;5;5;4;5;5;4
94;1;2;2;4;2;2;2;0;4;2;2;1;2;3;4;4;5;4
95;0;1;1;1;3;2;2;2;1;3;1;1;0;2;1;3;3;4
96;0;0;1;1;1;1;1;1;2;0;2;1;1;0;2;1;3;3
97;0;0;0;0;1;1;0;0;1;2;0;0;1;1;0;2;1;3
98;1;0;0;0;0;1;1;0;0;1;0;0;0;1;0;0;1;0
99;1;0;0;0;0;0;1;0;0;0;1;0;0;0;1;0;0;0
100 e oltre;0;1;1;1;0;0;0;0;0;0;0;1;1;0;0;0;0;0
Totale;2045;2043;2047;2051;2062;2061;2066;2066;2069;2083;2085;2075;2079;2091;2074;2063;2054;2048

"Ricostruzione della popolazione intercensuaria - Popolazione al 1° gennaio per età"
"Cittadinanza straniera - Comune: Acqualagna"
Età/Anno;2002;2003;2004;2005;2006;2007;2008;2009;2010;2011;2012;2013;2014;2015;2016;2017;2018;2019
Età;Totale
0;4;8;5;11;9;7;10;9;4;7;10;6;2;1;0;4;3;2
1;3;8;8;5;11;10;5;11;10;5;6;8;4;1;1;1;5;3
2;2;4;10;8;3;10;10;10;11;10;7;4;7;4;1;1;1;6
3;2;1;4;8;8;3;8;10;11;9;9;6;2;5;4;1;2;1
4;0;2;1;2;6;8;3;10;10;9;8;7;6;2;5;3;1;2
5;3;1;3;1;3;4;8;3;7;10;10;8;3;4;1;6;3;2
6;2;3;1;3;1;3;4;6;4;9;9;7;6;5;5;1;6;4
7;0;3;3;1;4;1;3;6;5;7;4;6;6;5;4;7;1;6
8;1;1;3;5;1;5;1;3;4;5;7;5;6;4;6;2;3;1
9;3;0;2;4;5;1;5;1;3;3;5;6;3;5;3;6;2;5
10;4;3;0;1;6;5;1;4;1;5;3;5;4;2;5;5;3;2
11;1;3;1;1;2;4;5;1;5;1;5;2;5;1;2;5;5;4
12;2;3;2;1;1;1;4;4;2;6;1;5;2;6;2;2;3;3
13;2;2;3;3;2;0;1;2;4;4;6;1;3;1;4;2;2;4
14;3;2;2;3;3;2;0;1;5;7;3;7;1;1;2;5;2;1
15;0;4;2;2;2;2;3;0;0;6;6;2;5;1;1;2;2;2
16;2;0;5;2;2;2;2;3;0;2;5;5;2;4;2;3;1;2
17;1;2;0;8;2;2;2;3;4;1;2;2;3;2;2;1;3;1
18;2;1;4;2;7;2;4;2;6;5;1;2;3;3;2;7;6;3
19;6;4;2;6;4;8;3;4;2;6;5;1;1;3;2;6;7;4
20;2;5;6;2;4;5;5;3;4;2;8;5;2;0;1;9;5;5
21;1;2;6;6;3;5;5;7;3;7;3;6;9;2;0;4;10;4
22;1;1;4;6;5;2;2;8;8;3;6;2;6;7;2;2;2;7
23;5;1;1;5;8;6;2;2;8;8;2;4;3;6;5;4;5;2
24;1;7;8;3;6;11;3;4;2;7;8;2;4;3;3;4;5;3
25;1;9;11;6;6;5;7;1;5;6;6;8;2;4;3;4;6;4
26;2;5;8;13;7;8;3;10;4;5;5;4;8;3;5;5;3;2
27;4;2;5;11;11;7;6;5;8;1;4;7;5;7;3;10;10;6
28;5;4;3;6;13;13;10;6;9;7;3;4;7;5;5;3;9;10
29;1;9;5;5;8;12;13;12;5;7;9;5;4;8;3;8;4;9
30;2;3;12;8;5;10;10;15;14;5;6;10;4;2;6;8;7;4
31;3;3;5;9;10;5;9;10;15;14;8;7;9;2;4;5;7;6
32;5;5;4;2;9;13;4;13;12;15;12;8;7;7;1;2;3;5
33;3;6;5;3;1;9;7;6;12;14;14;7;8;6;9;7;3;3
34;4;8;3;5;4;3;11;8;7;9;11;13;9;3;7;13;6;2
35;1;5;7;4;4;3;4;10;9;8;10;10;15;9;5;7;13;6
36;4;3;6;6;5;4;3;8;13;7;8;9;10;17;9;8;7;11
37;5;8;3;6;9;4;4;2;8;12;7;8;9;9;19;10;8;6
38;2;6;8;2;3;9;4;7;4;9;11;10;3;12;8;17;9;7
39;2;4;6;6;3;5;9;4;10;6;8;12;12;1;13;8;13;8
40;3;2;4;7;6;1;5;9;8;12;5;9;11;8;0;14;7;11
41;5;4;4;3;6;5;2;10;9;12;10;5;5;11;7;2;10;9
42;2;4;3;4;2;6;5;3;10;6;11;8;8;9;6;6;5;11
43;0;1;4;5;4;3;4;3;7;9;3;9;8;9;6;8;8;6
44;3;0;1;4;4;3;4;2;7;6;8;4;7;8;8;8;9;8
45;1;4;1;2;4;5;5;3;3;7;6;9;4;9;4;9;9;9
46;0;2;4;0;2;4;7;5;4;5;7;7;8;4;8;7;8;6
47;1;1;2;4;0;1;5;8;3;3;6;6;7;8;3;8;6;7
48;0;1;1;2;5;1;2;6;8;3;3;6;6;5;3;4;9;6
49;0;0;1;1;2;5;0;2;4;8;2;0;4;4;4;3;4;13
50;0;0;1;1;1;3;6;3;2;4;7;3;0;3;3;6;3;7
51;0;0;0;3;0;1;3;5;2;3;4;6;1;2;3;4;7;5
52;0;0;0;0;2;1;1;3;5;2;2;4;5;1;1;4;4;8
53;0;0;3;1;0;2;2;1;2;5;4;3;4;5;1;0;6;4
54;0;0;0;5;0;0;3;2;1;1;6;4;4;1;4;0;0;7
55;0;0;1;0;4;0;1;1;3;1;2;5;2;4;0;6;1;1
56;0;0;0;2;0;4;1;1;1;3;1;2;1;2;5;0;6;1
57;0;0;0;1;2;0;4;2;1;1;1;2;0;2;1;6;0;6
58;0;0;0;0;1;2;1;2;2;1;1;3;2;0;2;1;5;0
59;1;0;0;0;0;1;1;0;2;2;0;1;2;2;0;2;1;4
60;0;1;0;0;0;0;2;1;1;3;3;0;0;2;2;0;2;3
61;1;0;1;0;0;1;0;3;1;1;4;3;0;0;2;3;0;2
62;0;1;1;1;0;0;1;1;3;1;1;3;1;0;0;2;1;0
63;2;0;2;1;1;1;0;1;1;3;0;1;2;1;0;0;1;1
64;0;2;0;2;1;1;1;0;1;2;3;0;1;2;2;2;0;1
65;0;0;2;0;2;1;1;1;0;1;1;3;0;1;2;2;2;0
66;0;0;0;3;0;2;1;1;1;1;1;1;3;0;1;2;2;2
67;0;0;0;0;3;0;3;1;1;1;0;1;1;3;0;1;2;2
68;1;0;0;1;0;4;0;3;1;1;1;0;1;1;3;0;0;2
69;1;1;0;1;1;0;3;1;3;1;1;1;0;1;1;3;0;0
70;0;1;1;0;1;1;0;5;0;2;1;1;1;0;1;0;3;0
71;1;0;1;1;0;1;1;0;4;0;2;1;1;1;0;1;0;3
72;0;1;0;1;1;0;0;1;1;2;0;2;0;1;1;1;1;0
73;0;0;1;0;1;1;0;0;1;1;2;0;2;0;0;1;1;1
74;0;0;0;1;0;1;1;1;1;1;1;2;1;3;0;0;1;1
75;0;0;0;0;1;0;1;2;1;1;1;1;2;1;1;0;0;1
76;0;0;0;0;0;1;0;1;2;1;1;1;1;2;0;1;0;0
77;0;0;0;0;0;0;1;0;1;2;1;1;1;1;2;0;1;1
78;0;0;0;0;0;0;0;0;0;1;2;1;1;1;1;2;0;1
79;0;0;0;0;0;0;0;0;0;0;1;2;1;1;1;1;2;0
80;0;0;0;0;0;0;0;0;0;0;0;1;2;1;0;1;1;2
81;0;0;1;1;0;0;0;0;0;0;0;0;1;2;1;0;1;0
82;0;0;0;1;1;0;0;0;0;0;0;0;0;1;2;1;0;1
83;0;1;0;0;0;1;0;0;0;0;0;0;1;0;1;2;0;0
84;0;0;1;0;0;0;1;0;0;0;0;0;0;1;0;1;1;0
85;0;0;0;1;0;0;0;0;0;0;0;0;0;0;0;0;1;1
86;0;0;0;0;1;0;0;0;0;0;0;0;0;0;0;0;0;1
87;0;0;0;0;0;1;0;0;0;0;0;0;0;0;0;0;0;0
88;0;0;0;0;0;0;1;0;0;0;0;0;0;0;0;0;0;0
89;0;0;0;0;0;0;0;1;0;0;0;0;0;0;0;0;0;0
90;0;0;0;0;0;0;0;0;1;0;0;0;0;0;0;0;0;0
91;0;0;0;0;0;0;0;0;0;1;0;0;0;0;0;0;0;0
92;0;0;0;0;0;0;0;0;0;0;0;0;0;0;0;0;0;0
93;0;0;0;0;0;0;0;0;0;0;0;0;0;0;0;0;0;0
94;0;0;0;0;0;0;0;0;0;0;0;0;0;0;0;0;0;0
95;0;0;0;0;0;0;0;0;0;0;0;0;0;0;0;0;0;0
96;0;0;0;0;0;0;0;0;0;0;0;0;0;0;0;0;0;0
97;0;0;0;0;0;0;0;0;0;0;0;0;0;0;0;0;0;0
98;0;0;0;0;0;0;0;0;0;0;0;0;0;0;0;0;0;0
99;0;0;0;0;0;0;0;0;0;0;0;0;0;0;0;0;0;0
100 e oltre;0;0;0;0;0;0;0;0;0;0;0;0;0;0;0;0;0;0
Totale;119;178;218;251;265;284;283;329;367;390;377;358;323;297;258;333;327;323
Età/Anno;2002;2003;2004;2005;2006;2007;2008;2009;2010;2011;2012;2013;2014;2015;2016;2017;2018;2019
Età;Maschi
0;2;4;3;7;2;4;6;5;3;4;4;2;1;0;0;2;2;2
1;2;5;4;3;6;3;3;6;6;3;3;2;2;1;0;0;2;1
2;1;2;6;4;3;6;3;5;6;6;4;3;0;2;1;0;0;3
3;0;0;2;5;4;3;6;3;6;6;5;4;2;0;2;1;0;0
4;0;0;0;1;3;4;3;7;4;6;5;4;4;1;0;2;1;0
5;1;1;0;0;1;1;4;3;5;2;6;6;2;3;1;2;2;1
6;2;1;1;0;0;1;1;2;4;8;2;3;5;4;3;1;2;2
7;0;1;1;1;1;0;1;2;2;4;3;2;2;3;3;4;1;2
8;0;1;1;2;1;2;0;3;0;2;4;3;1;1;4;2;2;1
9;1;0;1;1;2;1;2;0;3;0;2;4;2;1;1;4;2;4
10;3;1;0;0;2;2;1;1;0;3;0;2;3;1;1;2;2;2
11;1;2;1;0;1;0;2;1;1;0;4;0;2;1;1;1;2;3
12;0;1;1;1;0;0;0;2;2;1;0;4;0;3;2;1;0;2
13;1;0;1;2;1;0;0;0;2;2;1;0;3;0;3;2;1;0
14;2;2;0;1;2;1;0;0;0;2;2;1;0;1;0;3;2;1
15;0;2;2;0;0;1;2;0;0;1;2;1;1;0;1;0;0;2
16;1;0;3;2;0;0;1;2;0;1;1;1;1;1;0;3;0;0
17;1;0;0;4;1;0;0;2;3;1;1;1;0;1;0;0;3;0
18;0;1;2;1;4;1;2;1;2;4;1;1;1;0;1;5;5;3
19;4;0;2;3;3;4;3;2;1;2;4;1;0;1;0;5;5;3
20;0;3;2;2;1;3;4;3;1;1;3;4;1;0;0;7;4;3
21;1;0;4;2;2;2;3;5;2;3;1;2;5;1;0;3;8;3
22;0;1;1;4;1;1;0;5;5;2;2;1;3;4;1;2;2;4
23;3;1;1;1;5;1;1;0;5;7;0;1;2;2;2;3;5;2
24;0;5;3;1;1;5;1;3;0;3;4;0;1;2;0;3;4;2
25;0;4;6;2;1;0;2;1;3;0;2;3;0;1;2;2;5;3
26;2;2;3;7;2;3;0;2;3;3;1;2;5;0;2;4;1;2
27;4;2;2;5;6;1;2;0;0;1;1;3;1;4;0;7;6;2
28;1;4;1;4;5;4;3;2;2;0;2;2;2;1;3;0;6;6
29;1;2;4;3;4;4;4;4;2;3;1;3;1;2;1;5;0;6
30;1;3;5;4;3;4;3;5;3;2;2;2;3;0;2;6;4;0
31;1;2;4;4;4;4;4;3;5;3;6;2;0;1;1;4;5;3
32;2;1;3;1;3;8;3;8;5;5;3;6;2;0;0;1;2;3
33;1;3;1;3;0;2;4;5;7;6;5;2;6;2;1;4;3;2
34;3;5;1;2;2;2;4;5;4;5;5;5;4;2;3;6;3;2
35;0;4;5;3;2;2;2;5;4;3;5;4;7;5;2;3;7;3
36;2;2;3;6;4;3;2;6;7;3;6;4;3;8;5;4;4;6
37;4;5;2;3;9;3;3;1;6;7;4;6;3;1;8;6;5;2
38;1;5;5;1;2;9;3;4;1;5;7;5;2;5;1;7;5;3
39;0;3;5;4;2;4;7;2;5;3;5;8;5;0;6;1;7;4
40;2;0;3;5;4;1;4;6;3;5;3;5;7;3;0;7;0;5
41;2;3;0;2;4;4;1;9;6;5;3;3;1;7;3;1;4;1
42;2;1;3;0;1;4;4;1;9;4;4;1;3;1;4;3;1;4
43;0;1;2;4;1;1;3;3;4;8;1;3;1;3;1;4;4;2
44;2;0;1;1;2;1;2;1;4;3;6;2;3;2;4;1;5;4
45;1;2;0;2;0;3;3;3;2;4;2;6;1;3;1;5;1;4
46;0;2;2;0;2;1;3;2;4;4;4;4;5;1;3;4;5;1
47;0;1;2;2;0;1;3;4;3;3;4;4;5;6;1;3;3;5
48;0;0;1;2;3;0;2;3;3;3;3;4;4;2;2;3;3;3
49;0;0;0;1;2;3;0;2;1;3;2;0;3;2;1;2;3;3
50;0;0;0;0;1;2;3;0;2;1;3;2;0;2;2;3;1;4
51;0;0;0;0;0;1;2;2;0;2;2;3;1;0;2;2;3;2
52;0;0;0;0;0;1;1;2;2;0;2;2;2;1;0;3;2;4
53;0;0;3;0;0;0;1;1;1;3;0;2;2;2;1;0;5;2
54;0;0;0;3;0;0;1;1;1;1;3;0;2;0;1;0;0;6
55;0;0;0;0;2;0;0;0;2;1;1;2;0;2;0;3;0;1
56;0;0;0;1;0;2;0;0;0;2;1;1;1;0;1;0;3;0
57;0;0;0;0;1;0;2;0;0;0;0;2;0;1;0;1;0;3
58;0;0;0;0;0;1;0;1;0;0;0;1;2;0;1;0;1;0
59;0;0;0;0;0;0;0;0;1;0;0;0;0;2;0;1;0;1
60;0;0;0;0;0;0;0;0;0;1;0;0;0;0;2;0;1;0
61;1;0;0;0;0;1;0;0;0;0;2;0;0;0;0;1;0;1
62;0;1;0;0;0;0;1;0;0;0;0;1;0;0;0;0;0;0
63;1;0;2;0;0;0;0;1;0;0;0;0;0;0;0;0;0;0
64;0;1;0;2;0;0;0;0;1;0;0;0;0;0;0;0;0;0
65;0;0;1;0;2;0;0;0;0;1;0;0;0;0;0;0;0;0
66;0;0;0;1;0;2;0;0;0;0;1;0;1;0;0;0;0;0
67;0;0;0;0;1;0;2;0;0;0;0;1;0;1;0;0;0;0
68;0;0;0;1;0;1;0;2;0;0;0;0;1;0;1;0;0;0
69;0;0;0;1;1;0;0;0;1;0;0;0;0;1;0;1;0;0
70;0;0;0;0;1;1;0;2;0;1;0;0;0;0;1;0;1;0
71;0;0;0;0;0;1;1;0;1;0;1;0;0;0;0;1;0;1
72;0;0;0;0;0;0;0;1;0;1;0;1;0;0;0;0;1;0
73;0;0;0;0;0;0;0;0;1;0;1;0;1;0;0;0;0;1
74;0;0;0;0;0;0;0;1;1;1;0;1;0;1;0;0;0;1
75;0;0;0;0;0;0;0;0;1;1;1;0;1;0;0;0;0;0
76;0;0;0;0;0;0;0;0;0;1;1;1;0;1;0;0;0;0
77;0;0;0;0;0;0;0;0;0;0;1;1;1;0;1;0;0;0
78;0;0;0;0;0;0;0;0;0;0;0;1;1;1;0;1;0;0
79;0;0;0;0;0;0;0;0;0;0;0;0;1;1;1;0;1;0
80;0;0;0;0;0;0;0;0;0;0;0;0;0;1;0;1;0;1
81;0;0;0;0;0;0;0;0;0;0;0;0;0;0;1;0;1;0
82;0;0;0;0;0;0;0;0;0;0;0;0;0;0;0;1;0;1
83;0;0;0;0;0;0;0;0;0;0;0;0;1;0;0;0;0;0
84;0;0;0;0;0;0;0;0;0;0;0;0;0;1;0;0;0;0
85;0;0;0;0;0;0;0;0;0;0;0;0;0;0;0;0;0;0
86;0;0;0;0;0;0;0;0;0;0;0;0;0;0;0;0;0;0
87;0;0;0;0;0;0;0;0;0;0;0;0;0;0;0;0;0;0
88;0;0;0;0;0;0;0;0;0;0;0;0;0;0;0;0;0;0
89;0;0;0;0;0;0;0;0;0;0;0;0;0;0;0;0;0;0
90;0;0;0;0;0;0;0;0;0;0;0;0;0;0;0;0;0;0
91;0;0;0;0;0;0;0;0;0;0;0;0;0;0;0;0;0;0
92;0;0;0;0;0;0;0;0;0;0;0;0;0;0;0;0;0;0
93;0;0;0;0;0;0;0;0;0;0;0;0;0;0;0;0;0;0
94;0;0;0;0;0;0;0;0;0;0;0;0;0;0;0;0;0;0
95;0;0;0;0;0;0;0;0;0;0;0;0;0;0;0;0;0;0
96;0;0;0;0;0;0;0;0;0;0;0;0;0;0;0;0;0;0
97;0;0;0;0;0;0;0;0;0;0;0;0;0;0;0;0;0;0
98;0;0;0;0;0;0;0;0;0;0;0;0;0;0;0;0;0;0
99;0;0;0;0;0;0;0;0;0;0;0;0;0;0;0;0;0;0
100 e oltre;0;0;0;0;0;0;0;0;0;0;0;0;0;0;0;0;0;0
Totale;60;93;112;128;124;131;134;164;174;182;171;164;139;114;99;170;169;154
Età/Anno;2002;2003;2004;2005;2006;2007;2008;2009;2010;2011;2012;2013;2014;2015;2016;2017;2018;2019
Età;Femmine
0;2;4;2;4;7;3;4;4;1;3;6;4;1;1;0;2;1;0
1;1;3;4;2;5;7;2;5;4;2;3;6;2;0;1;1;3;2
2;1;2;4;4;0;4;7;5;5;4;3;1;7;2;0;1;1;3
3;2;1;2;3;4;0;2;7;5;3;4;2;0;5;2;0;2;1
4;0;2;1;1;3;4;0;3;6;3;3;3;2;1;5;1;0;2
5;2;0;3;1;2;3;4;0;2;8;4;2;1;1;0;4;1;1
6;0;2;0;3;1;2;3;4;0;1;7;4;1;1;2;0;4;2
7;0;2;2;0;3;1;2;4;3;3;1;4;4;2;1;3;0;4
8;1;0;2;3;0;3;1;0;4;3;3;2;5;3;2;0;1;0
9;2;0;1;3;3;0;3;1;0;3;3;2;1;4;2;2;0;1
10;1;2;0;1;4;3;0;3;1;2;3;3;1;1;4;3;1;0
11;0;1;0;1;1;4;3;0;4;1;1;2;3;0;1;4;3;1
12;2;2;1;0;1;1;4;2;0;5;1;1;2;3;0;1;3;1
13;1;2;2;1;1;0;1;2;2;2;5;1;0;1;1;0;1;4
14;1;0;2;2;1;1;0;1;5;5;1;6;1;0;2;2;0;0
15;0;2;0;2;2;1;1;0;0;5;4;1;4;1;0;2;2;0
16;1;0;2;0;2;2;1;1;0;1;4;4;1;3;2;0;1;2
17;0;2;0;4;1;2;2;1;1;0;1;1;3;1;2;1;0;1
18;2;0;2;1;3;1;2;1;4;1;0;1;2;3;1;2;1;0
19;2;4;0;3;1;4;0;2;1;4;1;0;1;2;2;1;2;1
20;2;2;4;0;3;2;1;0;3;1;5;1;1;0;1;2;1;2
21;0;2;2;4;1;3;2;2;1;4;2;4;4;1;0;1;2;1
22;1;0;3;2;4;1;2;3;3;1;4;1;3;3;1;0;0;3
23;2;0;0;4;3;5;1;2;3;1;2;3;1;4;3;1;0;0
24;1;2;5;2;5;6;2;1;2;4;4;2;3;1;3;1;1;1
25;1;5;5;4;5;5;5;0;2;6;4;5;2;3;1;2;1;1
26;0;3;5;6;5;5;3;8;1;2;4;2;3;3;3;1;2;0
27;0;0;3;6;5;6;4;5;8;0;3;4;4;3;3;3;4;4
28;4;0;2;2;8;9;7;4;7;7;1;2;5;4;2;3;3;4
29;0;7;1;2;4;8;9;8;3;4;8;2;3;6;2;3;4;3
30;1;0;7;4;2;6;7;10;11;3;4;8;1;2;4;2;3;4
31;2;1;1;5;6;1;5;7;10;11;2;5;9;1;3;1;2;3
32;3;4;1;1;6;5;1;5;7;10;9;2;5;7;1;1;1;2
33;2;3;4;0;1;7;3;1;5;8;9;5;2;4;8;3;0;1
34;1;3;2;3;2;1;7;3;3;4;6;8;5;1;4;7;3;0
35;1;1;2;1;2;1;2;5;5;5;5;6;8;4;3;4;6;3
36;2;1;3;0;1;1;1;2;6;4;2;5;7;9;4;4;3;5
37;1;3;1;3;0;1;1;1;2;5;3;2;6;8;11;4;3;4
38;1;1;3;1;1;0;1;3;3;4;4;5;1;7;7;10;4;4
39;2;1;1;2;1;1;2;2;5;3;3;4;7;1;7;7;6;4
40;1;2;1;2;2;0;1;3;5;7;2;4;4;5;0;7;7;6
41;3;1;4;1;2;1;1;1;3;7;7;2;4;4;4;1;6;8
42;0;3;0;4;1;2;1;2;1;2;7;7;5;8;2;3;4;7
43;0;0;2;1;3;2;1;0;3;1;2;6;7;6;5;4;4;4
44;1;0;0;3;2;2;2;1;3;3;2;2;4;6;4;7;4;4
45;0;2;1;0;4;2;2;0;1;3;4;3;3;6;3;4;8;5
46;0;0;2;0;0;3;4;3;0;1;3;3;3;3;5;3;3;5
47;1;0;0;2;0;0;2;4;0;0;2;2;2;2;2;5;3;2
48;0;1;0;0;2;1;0;3;5;0;0;2;2;3;1;1;6;3
49;0;0;1;0;0;2;0;0;3;5;0;0;1;2;3;1;1;10
50;0;0;1;1;0;1;3;3;0;3;4;1;0;1;1;3;2;3
51;0;0;0;3;0;0;1;3;2;1;2;3;0;2;1;2;4;3
52;0;0;0;0;2;0;0;1;3;2;0;2;3;0;1;1;2;4
53;0;0;0;1;0;2;1;0;1;2;4;1;2;3;0;0;1;2
54;0;0;0;2;0;0;2;1;0;0;3;4;2;1;3;0;0;1
55;0;0;1;0;2;0;1;1;1;0;1;3;2;2;0;3;1;0
56;0;0;0;1;0;2;1;1;1;1;0;1;0;2;4;0;3;1
57;0;0;0;1;1;0;2;2;1;1;1;0;0;1;1;5;0;3
58;0;0;0;0;1;1;1;1;2;1;1;2;0;0;1;1;4;0
59;1;0;0;0;0;1;1;0;1;2;0;1;2;0;0;1;1;3
60;0;1;0;0;0;0;2;1;1;2;3;0;0;2;0;0;1;3
61;0;0;1;0;0;0;0;3;1;1;2;3;0;0;2;2;0;1
62;0;0;1;1;0;0;0;1;3;1;1;2;1;0;0;2;1;0
63;1;0;0;1;1;1;0;0;1;3;0;1;2;1;0;0;1;1
64;0;1;0;0;1;1;1;0;0;2;3;0;1;2;2;2;0;1
65;0;0;1;0;0;1;1;1;0;0;1;3;0;1;2;2;2;0
66;0;0;0;2;0;0;1;1;1;1;0;1;2;0;1;2;2;2
67;0;0;0;0;2;0;1;1;1;1;0;0;1;2;0;1;2;2
68;1;0;0;0;0;3;0;1;1;1;1;0;0;1;2;0;0;2
69;1;1;0;0;0;0;3;1;2;1;1;1;0;0;1;2;0;0
70;0;1;1;0;0;0;0;3;0;1;1;1;1;0;0;0;2;0
71;1;0;1;1;0;0;0;0;3;0;1;1;1;1;0;0;0;2
72;0;1;0;1;1;0;0;0;1;1;0;1;0;1;1;1;0;0
73;0;0;1;0;1;1;0;0;0;1;1;0;1;0;0;1;1;0
74;0;0;0;1;0;1;1;0;0;0;1;1;1;2;0;0;1;0
75;0;0;0;0;1;0;1;2;0;0;0;1;1;1;1;0;0;1
76;0;0;0;0;0;1;0;1;2;0;0;0;1;1;0;1;0;0
77;0;0;0;0;0;0;1;0;1;2;0;0;0;1;1;0;1;1
78;0;0;0;0;0;0;0;0;0;1;2;0;0;0;1;1;0;1
79;0;0;0;0;0;0;0;0;0;0;1;2;0;0;0;1;1;0
80;0;0;0;0;0;0;0;0;0;0;0;1;2;0;0;0;1;1
81;0;0;1;1;0;0;0;0;0;0;0;0;1;2;0;0;0;0
82;0;0;0;1;1;0;0;0;0;0;0;0;0;1;2;0;0;0
83;0;1;0;0;0;1;0;0;0;0;0;0;0;0;1;2;0;0
84;0;0;1;0;0;0;1;0;0;0;0;0;0;0;0;1;1;0
85;0;0;0;1;0;0;0;0;0;0;0;0;0;0;0;0;1;1
86;0;0;0;0;1;0;0;0;0;0;0;0;0;0;0;0;0;1
87;0;0;0;0;0;1;0;0;0;0;0;0;0;0;0;0;0;0
88;0;0;0;0;0;0;1;0;0;0;0;0;0;0;0;0;0;0
89;0;0;0;0;0;0;0;1;0;0;0;0;0;0;0;0;0;0
90;0;0;0;0;0;0;0;0;1;0;0;0;0;0;0;0;0;0
91;0;0;0;0;0;0;0;0;0;1;0;0;0;0;0;0;0;0
92;0;0;0;0;0;0;0;0;0;0;0;0;0;0;0;0;0;0
93;0;0;0;0;0;0;0;0;0;0;0;0;0;0;0;0;0;0
94;0;0;0;0;0;0;0;0;0;0;0;0;0;0;0;0;0;0
95;0;0;0;0;0;0;0;0;0;0;0;0;0;0;0;0;0;0
96;0;0;0;0;0;0;0;0;0;0;0;0;0;0;0;0;0;0
97;0;0;0;0;0;0;0;0;0;0;0;0;0;0;0;0;0;0
98;0;0;0;0;0;0;0;0;0;0;0;0;0;0;0;0;0;0
99;0;0;0;0;0;0;0;0;0;0;0;0;0;0;0;0;0;0
100 e oltre;0;0;0;0;0;0;0;0;0;0;0;0;0;0;0;0;0;0
Totale;59;85;106;123;141;153;149;165;193;208;206;194;184;183;159;163;158;169
